219
5076
1312
1700
3608
3120
3987
1731
2579
2800
901
1148
3871
4807
1647
3708
1678
4075
2198
2678
3991
3960
4185
914
4419
3225
1679
895
5105
3375
2112
3159
391
1135
5002
5349
2502
2505
1236
371
3943
4873
3485
2954
4014
2604
2146
1724
2264
1939
3918
3086
1445
3203
5194
535
4031
4342
1293
2606
3008
1772
456
4215
3019
699
5298
3108
2907
3802
3341
4858
5292
14
4944
2132
3626
4195
5273
528
1783
708
2631
4943
14
5195
1954
4896
4403
5244
4698
3615
2382
3632
5024
2892
5321
1139
5034
2498
3431
1819
2969
1317
1230
4563
296
4267
4668
2792
4194
4520
4822
3577
5048
612
4210
2133
4764
5011
792
3552
2539
4564
3676
3812
1300
2790
4317
772
2597
4299
1388
2792
872
1531
74
747
3918
1018
3621
5042
1173
1745
2275
1159
1313
2846
2438
2891
2446
1361
4057
4705
2036
4942
4874
2011
1387
4533
3514
49
2387
742
3291
2139
177
2924
2991
2638
1666
146
3958
4091
2745
728
2558
3280
476
3055
3962
2494
1437
1067
291
4778
249
557
3201
4061
4158
2886
2657
1711
3618
3468
2652
3162
2767
4980
2123
909
2742
349
4113
3297
889
3289
5242
1678
3543
1428
2091
3442
4401
4625
1722
2668
4775
4562
4016
2787
1402
109
5281
3756
5009
3219
5172
309
3966
710
702
1528
4399
2702
1758
1250
300
4249
2867
5304
1133
2442
4126
4228
436
2170
5252
1161
1681
984
3638
4347
167
1685
2990
1961
887
1882
3248
1575
718
2988
5072
1227
806
2674
2520
2982
1
135
4530
1465
1296
1396
4945
495
1622
4128
2201
3149
2361
3206
3437
5084
2191
4661
3353
4680
754
2386
50
1996
2636
4813
4491
2646
3897
4210
1354
4426
5128
4777
1510
1322
4562
826
2342
3338
4949
188
4478
1515
2760
845
3017
3612
1124
1284
2294
4597
2163
4431
4745
5401
276
1913
2998
4299
1637
4032
4999
765
5142
2556
378
844
3964
24
2326
759
341
509
3222
2851
748
5304
41
5090
5148
1072
2005
94
3135
2858
1966
3609
1965
356
1761
1766
1632
4945
4562
1713
3448
840
1941
5026
4965
2097
3090
1676
1986
2116
2167
2378
2349
4146
192
960
874
1167
4128
2024
4787
327
3042
148
2546
4394
2938
4760
5199
105
4736
212
445
401
908
3786
1219
1620
276
3396
666
2983
337
4765
3241
2605
1527
4596
2453
4010
4299
848
2345
1267
21
5308
2981
4930
1949
1693
1373
430
4045
452
3711
3372
829
2208
3150
131
979
3351
4715
171
4432
2609
3822
2160
2666
827
903
3785
3292
1836
2565
5240
1282
4029
1340
4421
2937
1933
591
4404
4476
2963
3536
400
3720
4325
5145
3635
3701
2310
3009
512
464
32
1953
4191
1102
3081
3961
5018
866
2905
5346
4549
649
4386
4100
867
567
2991
2905
717
3657
1278
3787
5377
4863
598
2856
4869
2739
3383
1784
2616
1269
3532
469
1717
4495
911
3799
2677
4183
2342
693
4415
1439
3747
4667
3120
528
322
3744
14
906
4999
5201
1482
2455
304
5360
1171
5088
2202
713
340
2878
3885
1390
4520
4266
1272
92
824
4933
4704
3172
3259
2131
2367
3106
191
1421
3437
2709
3660
3039
4132
1792
1095
3709
673
4383
3192
2452
4082
2728
4678
905
2198
4837
2019
845
288
2647
718
5318
992
2121
5130
1093
4498
838
2050
1259
3617
84
5076
624
2552
3340
2430
4218
4487
3572
5088
3735
2279
342
2843
3613
2654
937
3659
4516
3405
1212
989
2110
1402
4879
2204
4853
2552
3069
1660
49
170
1802
3566
3879
2343
4241
3203
533
1455
3253
3028
3433
2132
2852
3996
4691
1036
3402
921
1109
2097
4799
2524
3819
4434
2211
2910
342
1486
4822
4715
3257
4367
1680
4231
4311
2736
4999
1883
932
2016
3238
1238
4160
933
2076
1582
4581
2385
4891
3228
1298
2102
3041
3915
4125
4167
4387
1080
2078
1180
1035
3064
1375
2511
3603
4643
2706
1233
4044
284
501
4506
5132
3406
4600
589
1192
484
4271
4194
666
1472
4015
2346
841
4504
3280
1872
4935
2070
78
3414
2020
557
2124
1267
3639
2290
2475
2275
2933
3242
946
1642
3571
1540
3420
3311
3085
1949
3499
1347
4260
3064
2928
2132
1458
430
336
276
2016
3515
3502
2263
2993
5358
3161
1235
3655
3367
4537
4086
5186
2203
3869
4259
2334
1119
3889
4586
1998
2515
4559
817
4122
1050
4023
5248
4968
2068
3706
4417
4844
425
2684
2420
1503
4765
1608
3428
1472
3923
1358
3012
4343
5339
4758
3519
40
1196
1378
2595
3991
1429
3312
111
4874
592
1467
225
1315
813
3623
2589
216
1167
3193
3535
4112
3251
104
4906
4025
3111
768
842
827
2626
4664
5134
1487
5376
1404
164
2749
2749
2404
1240
3664
3943
4663
2188
455
301
1594
1209
3043
4354
2292
1347
487
2855
486
4727
2872
1533
2404
1313
1387
2748
15
4761
5302
4495
1418
2577
4895
346
4984
4566
865
3279
5139
3106
2304
1334
996
4300
3421
4780
2915
3915
3838
590
1674
2082
395
5110
3641
686
2935
193
57
3767
171
1804
5163
2486
275
3835
3725
4726
692
263
1788
4900
5371
903
3903
3226
4314
3262
3716
4558
670
1843
1116
2916
3256
4230
1018
1258
2450
1830
947
2535
951
1544
5148
4834
3537
780
1721
2380
3178
2259
1527
335
2429
4662
626
38
938
1142
279
4506
4996
3921
2
4197
973
1559
1855
329
429
3359
2055
4684
3878
4087
1957
1909
1689
5058
1760
2450
816
2539
955
5229
5361
1232
4080
1752
1749
4592
3171
5145
158
5191
348
679
4882
3697
1533
3004
2932
566
1850
1761
3261
5168
2898
2996
2537
74
5013
1815
2190
4501
1898
3647
413
739
107
3586
4333
1367
5081
3098
1626
4899
1176
754
685
371
185
2412
3438
1956
2036
1167
4592
3071
4522
4672
2714
1063
3986
1625
4811
3779
1194
3066
4908
1868
628
3645
3300
2220
902
4721
3950
425
3624
2271
131
50
817
1224
4617
2426
3948
2123
3832
3156
2023
4381
4950
1551
1223
2260
5010
4761
4632
5014
4792
5151
3668
4924
2251
3290
2834
1318
1893
2355
865
4942
2036
4076
1313
3465
4679
2093
1590
5022
3671
4798
1355
4895
1905
878
1716
1347
1813
4133
2450
3143
3151
2741
514
3059
5310
3586
2633
3810
2051
5267
472
4648
1745
406
4798
2606
942
1903
4580
4849
4084
3207
2420
691
1803
4167
4061
706
3341
4072
4635
2452
1023
3095
4578
2900
1580
1314
4906
2685
1295
841
2434
2384
2515
1967
4460
1754
614
3931
3073
4102
4728
1312
2411
261
1241
5400
1438
1392
599
3338
4050
1597
64
3248
2581
4628
4701
2529
1196
1451
2413
4872
4856
3184
4650
1169
702
2043
2906
4831
2758
2671
3906
1135
4855
332
3257
1491
3590
3990
4661
1562
972
3613
2872
5404
2548
3626
2158
2422
1862
524
1869
928
632
4386
3101
3705
4869
5263
86
1298
1887
2054
2211
4824
1464
4898
3703
1978
4397
4140
2788
100
1506
2534
3977
1133
1026
4582
4674
783
395
263
79
4112
3660
3144
1300
4488
4307
3715
1805
784
1064
1963
1007
3468
893
1591
4807
2972
5217
3406
4321
1603
2331
4510
80
5241
4753
1442
1818
4106
3031
5165
5071
3498
3241
5225
1219
3195
4491
3957
3397
2279
2489
3094
569
3582
4512
1591
515
5109
3831
1659
1051
883
4142
4565
4625
2546
3413
78
2949
3544
762
137
2072
3828
1039
512
4042
567
5300
1083
614
5199
4000
3720
2472
3863
4744
4399
3348
4747
1259
3996
2367
2286
1600
2395
5125
3469
3591
4344
1543
3160
3766
2200
5355
1195
1908
3614
2170
5294
1392
5185
5058
3848
4638
3391
3544
3670
4239
1317
196
3339
4044
3933
5143
1828
39
1277
2043
470
700
205
3718
361
4548
2114
2569
5309
4554
3654
398
2011
443
869
3998
1909
216
3908
1739
3117
2429
1389
1370
1103
459
954
2343
5348
3718
2582
2707
4695
1495
5009
1664
4269
4864
691
4462
4731
4950
4179
5257
4041
2279
2510
1393
4788
1354
2402
3690
2112
1177
3280
4574
2537
2422
3901
3078
90
3206
4382
796
4353
4743
3311
2849
5390
150
3407
3938
2370
3405
2190
5354
388
552
5009
1002
1924
1557
3854
3867
4733
2940
1325
4541
3397
3439
2923
856
2949
4089
4314
2906
2601
1967
1737
3040
214
1679
1819
585
3875
3783
2975
2882
1270
382
3821
453
2044
1961
1907
1962
1550
5270
3925
1347
2345
370
2112
4560
3934
2054
646
2224
5230
830
2130
3593
2526
2888
2154
4383
180
2261
3020
994
4929
1374
692
3176
1881
752
736
2880
3072
2543
4647
4574
2254
4253
1961
4226
1593
4946
790
3942
1443
2592
5270
3727
1526
4500
1085
522
3350
4652
5378
2820
179
658
2785
2999
1401
5204
5396
994
4239
2684
3283
2148
4809
1856
878
3104
1708
3039
4571
1743
5260
2146
3900
3860
4046
3182
78
2456
754
3733
1442
644
256
1250
225
2144
87
2086
4139
5329
1128
5314
131
89
1233
3087
1548
4535
2102
2087
1010
4200
4087
3428
2105
4460
4992
1716
4018
2617
3797
662
282
1483
127
4993
4580
3719
5037
189
2878
1608
147
2341
903
3259
2640
1123
833
1535
2540
688
1346
1570
2841
3452
1983
4932
1701
4586
1631
233
3459
733
2083
809
51
258
2209
2907
2624
2472
3308
1326
1536
1027
2948
923
4190
1032
228
2720
1653
5391
1300
2827
3406
3945
4467
374
3167
2701
1018
5130
3979
4052
4811
2163
2482
2837
4453
4335
2969
1350
1617
4144
2071
179
4508
809
1949
3494
1243
3889
3435
515
4101
3534
3556
2312
3007
725
4487
114
4527
1990
1287
4697
552
2736
1015
4402
1811
2672
4382
4820
103
155
5074
4433
4018
4102
3447
5049
3106
3332
4782
3850
4116
490
2103
3175
706
484
400
2722
1040
4093
4381
4182
3748
1913
1283
4535
3872
4234
4247
3730
674
2784
1958
5336
3832
171
5150
2984
2472
4189
4089
2979
1491
2952
2879
515
4895
3909
2928
4124
643
831
1401
3328
2242
4756
4061
231
3096
2919
2708
4025
3911
4226
2615
4216
1152
3965
1158
3529
3973
1711
4867
5008
5299
4855
4992
2240
2472
2167
2880
1805
274
3039
4301
4682
801
4918
3667
3017
4363
3331
347
4632
995
390
1548
1623
4774
182
3144
4177
3978
3193
1766
5205
4514
4827
5195
5335
2773
920
678
3414
3858
3699
5111
506
5128
2181
1489
3008
2628
1652
5231
4622
3911
2134
988
4950
4463
1609
1320
4417
2862
4178
3601
813
2426
670
4756
2910
4354
3880
2677
169
91
3336
3060
874
84
107
4685
3792
1347
2935
177
304
3139
2786
3471
370
1364
655
3766
5140
4768
601
2143
3255
1059
2620
3367
2258
4899
1875
4326
5052
3267
436
1086
4649
3203
3858
214
2698
3765
289
2272
4632
3580
3098
481
3579
3174
3196
1310
1336
34
210
2649
1907
3084
4154
627
5152
5170
4852
2547
51
1362
3511
3884
347
4658
625
1130
775
2856
3747
4198
4665
1450
5255
3948
1904
1380
140
4072
2782
4339
4508
4859
361
3133
1361
2022
4031
2962
4114
2925
2339
4394
1540
744
3286
1718
3715
5108
4135
5096
3428
643
5151
4768
3176
1461
4758
2984
2556
2805
1451
517
1384
924
4173
4743
513
3769
4598
4858
2523
5344
3066
5392
1715
401
1985
5272
1172
267
487
1387
2806
3071
2156
5187
1069
4344
149
4729
3988
2882
1888
3572
252
4992
2403
2843
4918
4117
4702
918
3397
1992
1173
5000
1388
1206
1298
3100
4656
1146
2386
108
5178
373
621
2809
274
1409
281
3393
1950
43
1342
3070
633
1337
3261
3657
4076
5217
915
2854
4380
2249
3500
810
4645
2188
1709
1210
1484
86
35
1048
1295
4755
628
3546
3081
3446
181
1140
5105
4366
3546
3446
1259
3462
3628
2877
4183
3141
5145
728
2817
3245
5047
170
4145
2380
2050
1247
3084
2464
5032
1267
2715
4781
388
461
2163
459
5117
2953
2397
4980
4609
4560
4157
1584
329
4061
195
1310
1628
5369
5095
1089
5210
1740
3090
4346
815
914
428
591
2257
2994
4783
384
2431
3056
5133
1368
2414
1963
2607
3276
1094
2025
2336
4695
4166
4176
999
4297
4735
3088
3660
974
5217
1879
4562
2683
1822
400
1264
2053
1838
2085
3495
2127
4891
4653
3338
1694
4599
1701
5011
2397
895
2415
3761
3554
7
5394
3264
530
184
4242
4577
544
782
922
4843
4055
2113
3963
414
902
95
4413
2235
1734
3875
2717
3808
1876
5014
2710
2206
2485
3819
1159
165
4160
1263
4081
5387
120
4895
1835
1914
1483
15
1082
842
765
426
1357
4407
1745
2751
4902
1731
5361
4729
3114
2585
1071
5302
4601
3596
4443
1048
2097
4396
2786
5191
2964
4430
4017
2086
3966
2976
118
3049
3840
1261
4065
4195
3792
1332
4282
2965
1684
4712
693
2026
4563
4071
813
1280
1802
5089
2762
2332
1551
2444
4793
864
3046
1775
2519
4292
4622
3095
626
1974
274
1579
3522
2502
1304
5263
5091
2366
1733
4054
1076
4565
1111
5288
3361
1418
1522
299
93
2352
920
4590
36
1599
389
5087
2639
2794
3991
1552
2217
1154
2138
4101
1980
1237
1845
3520
5161
4524
2278
5351
2440
368
4035
3205
4491
139
3914
3835
1936
3085
1203
3013
3364
4796
1036
2419
1683
4506
850
530
2581
3754
615
2811
995
5303
4298
5343
443
2939
3471
3011
2014
1964
432
4799
584
2242
4402
571
3527
2471
1194
3655
3962
3968
454
4770
2352
53
2035
1498
1511
4093
3175
3758
1455
4992
3974
4382
5322
2956
1849
452
4265
5006
5071
1180
627
1272
59
614
1721
4431
3896
4330
4773
1559
5215
5149
2284
655
3954
1957
5185
1201
5143
794
626
232
3199
3916
2250
1794
5271
3534
4057
3814
1844
2115
4137
2852
3975
2433
374
2398
65
3897
4311
854
2186
4494
1708
1073
5156
2545
720
1480
2215
3709
296
1756
1860
325
3075
3963
922
815
1695
1976
4537
3488
1498
209
4773
4300
913
1721
2189
222
3601
2835
652
3468
4093
901
1174
1323
1999
1521
4270
3446
4369
2651
3087
2573
4473
2475
4534
4813
3628
2602
131
3098
5175
2094
3828
3085
795
2685
4692
801
3458
2544
4292
5272
2127
942
1653
582
218
2966
819
3853
4505
2777
5025
2338
3072
1159
3385
1543
2606
1822
4568
692
5179
1224
4356
1459
2518
2295
4260
4078
1592
282
4494
3577
1432
4767
1456
4554
3743
5264
1275
951
1764
1678
4421
2316
3697
3165
25
3975
916
2836
3669
2543
335
159
2258
4158
4517
3645
2925
528
3388
365
1437
4314
4831
267
5159
1292
343
517
1045
3512
5241
3839
2683
1119
3957
2779
114
967
3983
4338
2098
647
3891
628
3885
4514
186
524
4726
5377
1258
1199
1269
2118
502
4358
2613
226
3099
4764
417
162
977
3073
1923
1011
4829
4010
923
3129
4911
341
2049
837
4094
5362
1714
5037
1961
4129
972
1487
3936
2775
380
5329
4684
3419
3379
3433
3205
3901
2872
1049
2775
571
5385
1306
1166
3301
5376
2816
3365
1486
4721
2728
1468
375
545
3989
4106
500
783
4228
4366
1762
3313
3213
2614
1506
4614
553
3432
180
1416
985
1219
278
1625
933
4422
1582
4737
350
4425
1035
1277
4781
2121
2126
2403
4872
2951
486
2547
4637
4896
295
2497
1240
470
1692
5149
2671
4937
3977
2416
708
358
21
2571
3132
4631
2192
1050
158
534
3941
4809
3383
5102
3873
3140
2602
980
1936
412
91
3814
1540
522
3154
4954
5314
144
2506
4717
2330
190
654
125
3863
68
1234
3010
2466
3407
4946
2903
2332
5403
2841
3124
3919
2157
2042
442
4114
3571
4148
5117
1358
3958
1688
2191
1218
3441
4551
2831
4440
4947
3790
2631
2791
4145
2650
1821
1925
1118
213
995
4223
1353
1731
1022
1984
4304
3814
1125
813
1462
3450
3312
5033
4607
1741
3354
972
3342
1026
5345
1014
5025
619
1189
3940
3840
116
5206
3839
794
3831
616
4899
4024
2661
3767
2074
4846
4858
3495
583
1440
2560
4732
143
2922
3346
1532
5183
1651
4742
1564
1828
3233
2056
4041
4398
1948
3208
3150
527
2992
374
4756
183
3663
2257
1135
1512
1526
3869
3162
3492
3979
2699
1092
1331
279
1474
5364
1724
1664
1311
4895
2372
3338
2935
3335
972
227
1869
1829
101
2577
1731
381
1284
1904
3392
2309
2789
255
5102
21
4941
3669
4969
2044
66
3432
135
2859
4489
1606
3467
4565
4162
325
2192
2885
1872
2145
5157
3426
3444
4199
192
3896
3560
1208
895
3223
4582
688
546
2302
2771
1529
842
5395
1778
3893
2317
3572
463
1978
1294
4936
834
919
3971
579
3107
3191
4538
3778
1070
412
3575
3058
3024
3866
2854
3487
1739
5
725
4192
4059
3136
4001
3904
350
4906
405
1348
994
4484
4523
3871
2444
5018
2744
677
1184
4001
1773
4154
4786
4627
359
1922
1616
3962
4925
2533
2310
5313
4311
5208
249
2211
450
4831
3261
5075
5402
1709
2048
4815
478
4239
110
1050
1908
4170
3145
5198
3135
530
369
2298
3195
3858
1880
1775
2857
4975
4961
3188
4043
113
4817
4976
2329
747
4018
1844
3173
4309
660
2457
525
1378
2318
1134
4650
3077
4987
2567
3778
557
4291
3203
2570
2621
4203
3621
2437
2954
2859
3235
3181
1668
1163
1405
1658
4149
5175
2491
3782
2095
3265
4100
4633
2944
1709
3986
4908
4712
411
3555
4853
5144
2513
998
2741
4969
2599
3509
298
4282
3413
498
2681
1803
3736
3261
459
405
2914
5016
1546
3191
4723
5024
707
4819
327
952
5180
1181
1942
1217
5324
4684
2406
635
2916
2304
4284
1388
4312
2683
3573
1723
1997
5344
1372
1374
2005
4877
1836
5384
3995
3786
4544
745
807
362
64
5291
4081
3408
3577
5141
4148
4437
4951
2126
541
2916
2740
640
4092
1196
1524
4652
4160
3333
4301
5092
4491
3349
2010
3157
3423
895
1216
1588
512
4083
1997
266
4136
512
2695
2540
927
2373
3841
356
3618
292
4902
616
5128
2020
3548
4699
832
1186
3745
2405
3747
5144
2574
1481
4071
172
458
5309
3798
2460
4928
1439
2513
5321
1219
98
3670
456
5296
2470
1081
3050
399
2561
796
4430
4743
2695
2095
508
3216
4585
4748
3161
3984
4534
5241
1072
5350
2837
5224
537
5348
3010
3929
4858
2906
3690
2990
3753
3705
3089
4015
2251
3362
1610
1747
493
4069
5221
2106
2331
554
1909
2995
1114
314
846
1052
3631
4781
5307
3845
260
4678
1125
3067
1318
826
2479
4389
3300
1697
249
2084
1047
291
3092
717
1088
4158
3716
1008
4896
2741
2252
1638
1680
3707
3475
1075
5061
2447
3590
1485
2435
1530
345
632
1049
974
4287
1245
4749
1332
1387
299
3775
4467
5001
21
4643
3208
247
387
2853
3204
4004
2862
2665
233
4377
1663
1677
4566
3735
4927
2807
848
3396
3557
5324
2883
2087
638
1527
4397
273
1253
1472
4360
930
2200
2277
4166
5301
2166
1545
2047
1766
1286
2525
3551
1457
4968
2789
2969
4821
2062
3987
730
1653
1749
2037
2906
552
1200
3111
2659
4439
269
1946
5001
4966
5190
4536
4027
3970
4941
3557
933
2786
2868
3370
3928
725
4655
2898
4632
2232
1786
3681
104
4725
4412
3070
3249
28
834
2060
3553
2680
5145
501
4616
3710
5301
4107
793
3557
1562
5384
3062
743
2913
1282
3168
3818
4967
4217
598
2988
4729
4084
19
2372
3218
2035
2033
288
4004
879
3328
2538
2438
5213
1870
653
3856
4541
4130
741
3681
5279
2655
824
222
4576
1661
1323
2424
22
110
217
1671
2585
4075
3163
2839
346
1236
171
695
376
2528
4295
917
2605
4650
2687
1455
5113
4807
1707
3224
1533
2212
5325
3219
4406
4536
554
2624
3168
3063
1030
484
2908
4750
3241
559
1463
3103
3711
4068
3730
311
168
751
1032
1888
3207
3457
3400
2068
1783
1740
3726
4931
3035
1850
131
3222
826
1925
192
2449
650
1615
5217
255
1145
2233
3442
1406
421
632
1700
2605
3721
2828
4994
4993
5005
472
2783
1134
3307
366
118
3857
164
594
4566
113
756
5377
2085
3302
1646
2795
4384
3097
3776
4808
3898
373
4366
3889
1379
4062
5345
1746
4231
2545
65
2388
3633
829
1038
4034
2754
3346
3199
2841
1151
4812
2399
2903
2282
2270
313
4895
978
1366
2102
1237
3147
3901
3753
831
2186
4003
2518
1630
5315
572
1526
28
3455
435
2490
1021
2911
737
3871
2584
2925
4164
1025
3345
247
145
4689
599
4463
1387
4435
4813
3058
3019
3958
1374
2628
902
3982
3163
188
3920
2871
2959
301
5000
386
3311
1003
1090
3410
1062
4718
4947
4447
3791
5037
1312
3158
1629
1720
4147
796
3116
1911
1710
2672
3773
2465
980
4344
2000
4965
1222
114
4875
2744
2715
1554
3613
2480
464
3834
3038
3417
4838
1311
3933
3183
5361
1672
4297
1430
1175
3627
69
3024
1426
4293
1915
5043
4357
3365
4619
3158
1333
4476
150
2360
5099
1950
397
1493
4018
163
4891
1372
4522
3939
1837
2524
4701
1516
4799
957
579
2837
30
4533
3285
4474
5140
250
3130
2911
4912
2233
3057
1295
3225
2858
1506
4737
2373
1519
1324
2033
1603
5073
874
2136
2210
1987
3337
1276
697
5180
2685
1996
437
1192
3189
3557
4006
5144
5290
2414
4622
1987
1089
789
4036
5278
3205
1365
3213
1265
502
4757
562
2513
3227
2712
1472
2252
132
173
345
1701
3686
4493
1348
4668
1258
771
4927
634
2223
3736
4205
1089
2586
1379
2146
4843
1605
2075
3292
1310
3338
1639
5131
4028
4111
951
548
4754
4848
2999
2528
5314
5193
568
1100
1075
432
1709
3439
3261
3521
1659
39
3034
3686
2966
5051
4072
2810
3913
2864
1726
1728
4203
4755
2940
2494
3848
839
3589
1016
2229
5136
4480
496
5213
4883
1624
3775
5162
898
4811
2213
3410
5388
2547
2927
2992
4689
579
4055
2353
305
4314
2189
1111
2104
2073
4500
1719
1525
2551
2965
2598
4949
5145
3691
3740
553
1282
4844
1539
5181
526
3956
3300
490
4050
3734
419
3538
584
4962
3526
4777
373
2974
5167
2743
988
1341
1375
2808
2080
4163
3163
4494
321
4572
4466
4212
2249
4250
1287
3383
2298
4298
1847
4974
846
1810
2250
4021
160
3016
3337
1079
520
5147
1313
1946
1890
2393
2699
198
2322
538
4007
2861
1575
3105
5071
1659
2617
1052
5095
834
2687
3880
2895
4496
1326
3240
1692
1414
2306
529
2618
707
657
4246
311
620
345
889
3360
269
2921
3309
2764
4761
2324
2283
4222
2304
3900
234
534
5275
2309
1162
4894
2070
3109
4766
2508
5402
4306
2005
1464
5109
1812
1070
4315
3452
4879
14
4097
1609
1749
4572
4335
358
1695
269
4237
2181
1196
4774
3062
857
5198
1341
1222
3784
386
854
1069
5113
2687
1287
4689
1064
2998
4136
3890
4313
3967
4729
4396
4077
2708
389
4134
4243
4043
5289
1319
586
1412
3878
353
4714
2564
1577
2589
694
1412
4746
3425
2639
2354
3382
2158
4089
4439
4056
5120
2921
1223
16
2371
1561
5221
1785
1865
1858
2843
1520
1256
3268
1180
5357
2023
2042
5342
1982
2162
4581
2326
3397
2340
978
4717
3808
1957
3216
2046
4053
1982
2428
983
1407
1315
8
3644
1477
1950
1293
1379
3270
5277
3985
3299
1482
2816
578
5253
4117
2092
1774
3420
5395
2794
687
2826
3444
2196
2199
2820
3807
1729
3001
3030
296
1300
2254
3560
996
1171
3648
1830
1233
3881
212
5312
4891
543
33
4628
1969
2
3850
1036
2817
1231
900
3583
1057
2092
675
3918
3770
433
3081
1552
1003
417
1564
4935
4121
4048
3371
5141
4585
2907
4117
4625
4523
5401
736
2403
1357
4726
199
2266
811
3260
3612
2153
4430
4607
3539
874
1345
2565
4962
2469
714
1173
34
1848
2681
2069
1558
4537
1247
4231
2211
844
2246
2909
4825
5113
696
4868
5390
4217
3115
4320
3773
810
2775
102
2535
4865
1731
3535
737
1914
3313
997
526
4614
4393
2313
4985
2447
1054
4234
3867
1512
3800
1557
2972
1548
700
225
2694
5303
740
2113
4428
867
3553
426
232
1341
2202
3110
4877
3708
3261
2098
3509
851
533
4419
4279
1332
4616
4231
2462
4416
2903
2190
4292
2497
453
1226
3182
4541
5130
2500
694
3567
894
917
2568
4016
1050
274
850
3045
5325
1868
4833
2259
3934
4195
4155
2945
4862
5068
347
1830
742
4578
2637
3844
2039
2463
4919
105
3191
2505
1753
2775
4175
1226
5357
5220
579
4455
3478
611
3778
4468
2386
3828
1270
4372
2427
4795
4182
926
407
2672
1055
3327
2859
4342
405
3914
4548
2289
745
96
2276
897
419
2151
4046
2040
4473
4188
652
270
3875
3339
10
696
3108
4669
1660
225
489
1937
3887
5277
2665
3257
4749
4236
1128
145
2933
911
4929
2916
3649
326
3169
2042
4208
5246
200
4302
1838
3478
296
1017
4004
1012
4043
680
2980
1073
110
2598
4276
2100
3611
2023
5235
3217
5168
1313
3688
331
4205
1088
1420
4795
147
1155
4110
1055
2184
3304
525
3718
1699
4294
3557
5280
2613
1353
4818
312
4839
1955
1012
2405
5017
2369
984
3257
2359
4727
370
4104
2530
4690
1673
935
10
2633
937
2462
434
2280
2570
1884
54
1486
667
3499
959
41
144
1506
3582
477
3476
703
1197
5325
1428
2484
4799
3764
3035
2584
4394
1971
5137
4920
3193
35
5176
262
5112
893
2247
4317
157
3027
2617
1823
1140
1873
2160
2709
2107
1197
286
2678
949
5227
1975
2477
5083
4266
1447
2762
1956
4510
374
105
2717
4411
3550
2349
1138
1553
981
4227
1924
4587
5070
4071
4966
4517
2209
4624
4915
5007
4891
4942
259
3448
4474
500
4950
3470
1558
1136
2337
1940
1574
582
3112
176
571
1501
1653
2590
3765
2495
1549
3416
2416
4478
4742
1102
3432
503
798
250
2223
2394
4473
743
1104
5355
4226
2472
711
159
4340
3577
5340
3831
2007
1834
3818
5352
4949
2203
3355
1596
3447
1432
4189
1391
1566
1683
5034
2946
1396
5356
940
4840
5067
3305
3659
1183
721
3432
649
2419
3039
914
3516
892
2008
1078
767
1362
3016
3630
4061
5286
2942
713
3322
3452
2313
1850
5168
4871
953
3581
2108
5401
578
4756
707
3884
973
4674
4063
857
3638
839
1045
4360
2694
2862
3528
842
525
1411
4821
4913
5037
4134
1788
4010
5075
162
2692
337
717
1386
2751
716
3994
4967
4746
1157
3115
2370
2908
1012
1682
982
3493
1716
4240
3142
4148
3669
3369
833
2448
1942
4054
3293
4307
82
1877
1742
2138
400
3992
192
3055
5260
4858
898
2601
4277
3385
454
3940
5056
511
2883
4263
2497
2430
2171
90
5079
1958
3108
3572
2000
4193
3900
2158
284
4838
5347
4327
4150
2474
2834
1161
2134
3314
1905
142
3872
2894
4962
1508
4322
2202
4292
762
1435
3733
4111
4626
3865
737
3297
2399
550
5358
2386
3044
4227
3128
1964
1437
1917
1829
681
2922
1570
3530
1710
2423
3467
715
2776
1888
2664
3593
1514
2453
387
3503
1359
2037
1827
3910
4206
4068
1290
2638
1189
2780
151
477
537
3602
1561
598
3912
1672
3967
808
610
1852
345
2998
1697
3117
4320
3282
5102
4715
3928
4188
1725
1858
4921
5295
4475
3032
3173
5364
4541
5255
3030
1528
4894
3538
1043
3125
3445
4798
2914
466
677
5114
20
4717
1933
1985
3243
3394
1065
2074
461
4116
1812
4872
1402
2762
627
2587
3210
4581
1560
1686
4207
122
3063
3720
3889
1596
405
5146
4352
1523
608
4723
4284
203
2301
1871
2848
3423
4771
4185
89
3984
2956
101
2184
5400
44
617
1468
4860
912
5339
345
2791
562
4647
4456
2366
2736
3148
3677
4476
2899
3646
1110
5330
3772
4329
3416
2112
2877
3844
1020
1168
4515
918
577
3635
2764
4980
2053
3293
1929
2611
1445
1432
435
2081
2000
1741
4561
2476
2343
1523
4016
1133
2051
2620
4193
2546
4840
3221
809
3756
5255
3997
2525
425
4184
607
4292
1787
2823
4583
2972
1758
2739
2781
4797
4391
3634
441
1378
3992
4074
1113
2784
3881
3862
736
4710
4386
4844
564
4446
1089
4196
2877
4750
1902
5267
2243
3903
5049
5068
5207
1040
646
2266
2806
74
2837
4321
4356
4210
2382
2756
1359
5028
2288
834
2963
4610
1142
2864
2775
612
314
3583
4488
3894
5078
3744
3675
2339
3727
4204
1268
1799
569
4901
3204
4421
3843
4373
4174
2553
799
1525
2835
5245
4605
4726
4944
2448
5226
2923
2914
1138
4888
4189
636
1470
3972
4592
3849
4806
776
1933
1313
4204
1472
4463
3540
2854
3843
3087
2410
5374
4970
673
599
3329
3378
4443
3519
2202
3998
4616
4825
2970
1261
2694
2385
3369
1545
518
4957
5103
3149
4251
4820
4409
1630
5050
2228
2435
5395
2099
1842
4143
369
3905
2130
3770
3855
1387
1308
2915
4895
4542
1076
3396
1845
777
834
2966
3319
435
4846
3828
3902
4500
1473
119
4435
157
5181
646
289
4451
5227
2378
3509
2638
4024
2370
1101
3170
1815
5205
3522
4203
3662
5202
5281
2517
498
327
326
2753
530
1827
4954
1797
1581
1977
5258
2653
616
1576
1985
2371
508
763
4294
994
3776
2524
1722
1730
1931
1805
4870
2632
599
4732
968
2029
2306
2530
1981
3043
250
3449
2564
5056
1532
1601
4572
167
3920
3531
2203
5211
1341
2408
231
4694
3334
3911
2771
1296
3253
1683
4498
561
3305
3196
253
4053
2289
3495
5292
3331
1045
447
5339
2412
2022
3324
4998
1344
3236
2947
5054
5042
3560
1350
4801
42
498
1153
537
2503
4092
2615
1383
3599
1007
634
4333
860
1243
422
2576
4902
878
5074
697
1956
1485
1980
2987
2834
1336
1291
1894
5021
1227
2765
583
4603
2212
3752
1660
1867
1280
5296
1774
1231
4681
4132
1335
3140
2338
946
1539
4614
1422
360
3646
4264
3474
405
2203
1403
2293
694
511
4352
1384
73
707
4099
5281
3694
1967
3405
432
1342
3489
2059
121
3317
1956
2273
2883
3788
3691
729
4823
2440
3380
5223
1171
4816
1871
5109
1396
4140
2263
1581
2836
1193
613
2538
4985
3034
700
2973
3177
3477
5098
2295
5338
618
3923
3788
5213
3913
2590
4711
4574
3503
3376
329
3135
4608
2392
3189
3551
5006
3003
2490
2009
2570
1428
4501
183
4792
2331
2106
2600
4394
1345
2988
176
4974
3239
3810
2046
3526
3620
2598
2429
3211
3743
533
1346
2773
2780
2766
3009
4677
1972
3683
2589
1209
2840
2966
1727
4013
2907
2554
433
3251
730
3936
3566
2898
761
3124
2377
2148
2425
4279
172
2430
2539
2312
3059
4612
4980
2938
3767
1669
3846
2015
150
1996
1265
153
1045
4957
1347
1453
999
1832
309
2466
1963
4848
619
2382
376
4632
3982
2696
2103
3752
587
885
4371
411
3363
2339
204
926
110
1603
5002
636
4572
1236
1784
90
1520
3492
2927
2775
4731
4403
771
547
99
510
3644
2777
3736
2649
264
2090
4523
3260
5044
1006
3940
527
724
1000
517
770
2088
751
4784
2356
3546
3141
1599
759
330
1336
3581
3179
2465
4308
2445
36
3239
4280
255
4871
1083
364
4892
1889
4595
834
5066
5158
4538
3767
650
627
3025
80
247
420
1558
493
5207
2277
1511
814
1905
5016
4500
1683
4529
1823
3382
793
1813
122
4562
2522
5234
3379
2845
4176
3736
4218
3735
4178
4703
4820
185
707
285
1702
4422
106
5361
3472
4337
530
2154
2464
3302
1300
3224
1290
5201
4541
54
2906
5222
4323
307
4099
1323
2085
3660
1909
2350
1595
4522
943
1616
5165
5316
1698
4856
2208
1413
3023
1553
3374
2096
490
4135
5401
2903
2478
4158
471
4058
4433
2433
4317
3885
582
3138
2163
3316
2268
2728
3358
3895
4682
4054
4037
2863
1189
3549
1413
1218
4190
3422
4269
1893
3434
243
2814
5279
1708
1325
1896
101
950
2475
794
1507
1696
12
2771
278
3832
962
658
3632
2743
2845
697
390
3735
4129
3639
3971
523
4403
1105
5210
4468
3581
1262
1356
2013
1946
2189
2958
1328
3731
2573
1763
4370
3404
420
3007
3679
4992
3843
4483
5284
4625
1208
3669
2924
37
3446
2762
1044
4272
503
3506
2394
4044
2524
5292
1565
1586
3232
2944
4034
2576
4093
2262
3410
2754
3352
425
4542
3620
5098
767
3582
1842
1158
1045
3984
3502
2188
3382
4168
4329
3074
2370
4745
2850
4962
3297
3093
4338
4379
5115
593
1760
996
700
4856
2246
2340
3645
3745
347
5081
5218
3337
5193
2700
4144
177
5064
3134
4220
3190
4987
167
1378
3188
1647
2755
5192
4375
1727
413
3651
968
2870
495
1760
4027
4377
3040
5117
3267
1883
438
4869
2426
656
1988
4890
1150
3831
4440
4202
1136
3428
4450
5220
832
44
2575
1680
2669
3768
1237
1946
4740
2496
3422
2884
4041
4592
4733
1536
1893
1786
174
1692
3598
3390
1634
397
4790
1194
678
3025
108
3931
2312
1329
2534
2793
272
32
914
1725
3295
3114
2998
81
549
4245
1334
3759
4568
712
1226
3370
3575
3523
742
586
4506
3932
1744
1891
5372
2230
1383
2594
1074
702
3634
3771
2426
3528
1561
872
5090
3476
2540
2240
1720
1750
745
3970
2329
151
4612
4524
342
1136
2443
1620
2637
1411
2217
4517
3806
115
2009
3897
752
3571
5329
3178
4730
4082
1661
1537
178
989
2997
585
2211
3009
1238
2428
182
4154
4808
3549
2440
2341
964
405
2608
3786
3253
3000
4586
333
344
4498
4157
126
2173
5142
2141
1441
4275
3221
4740
2119
1652
2013
5189
4800
4360
2003
3206
225
3555
4925
5361
3171
886
3561
2824
1327
1502
2990
1531
3720
615
4145
4821
1147
2896
1687
5185
4521
1577
241
3761
3283
2387
28
2259
3591
2118
5191
1236
3533
1792
16
3185
2906
1412
4239
4025
797
267
3750
790
3648
932
4142
1924
2450
2249
2871
3776
2127
2382
1868
789
4916
107
4516
2828
4206
3815
761
243
2952
2386
2291
2478
3971
1348
1987
958
3896
3328
2338
4267
5281
5047
1543
4106
3473
3005
928
3532
4228
2615
201
4606
1366
4081
1993
586
2459
928
1594
2088
1808
1556
4549
1137
860
5048
178
1890
599
5368
5226
2899
3071
4669
3874
5209
4159
2139
2086
3860
126
827
3799
926
335
1960
827
2209
3092
3534
3658
4570
1681
3166
5191
3471
185
2450
4149
1238
855
2535
1053
4643
1906
329
5195
2821
5044
1712
686
233
646
3205
4564
1860
2876
2819
4653
427
2931
2929
2912
4857
3203
2169
2976
454
4093
3517
4113
2290
3855
1336
1983
3576
5360
3402
4121
3062
2524
2901
2195
3215
2718
1798
4302
2532
1484
5242
2130
3724
1764
3397
4601
2837
3832
2738
4408
2014
454
4240
1235
2425
896
975
2118
2669
3556
3910
2052
4099
3025
3366
2022
1204
1468
1569
4330
1250
298
1787
2508
3814
1082
3233
3982
2705
1165
4823
3425
3065
3839
3603
4536
1969
3675
2574
2549
1296
2113
2653
5172
2335
4549
781
3305
1387
3616
3333
669
2502
3386
1412
1842
2242
203
2055
2920
1115
359
4516
300
4749
1366
2272
478
2124
747
3719
589
2630
658
314
1772
1232
932
4238
2517
3272
5158
3073
374
1315
5127
4537
2359
3535
3831
2557
4052
274
4214
1288
2282
3554
4938
487
2393
3128
4683
3921
2666
651
5041
4198
1599
799
2940
5080
1305
1912
278
2475
3937
47
3459
3279
362
1085
1429
2523
1421
3100
3220
5241
4926
1450
2061
3953
577
4231
1523
70
1800
2634
2961
4563
60
3049
593
1790
5241
4219
1459
4365
521
512
324
2427
2297
1622
5089
4028
3391
519
5064
3125
371
3097
4920
2804
4983
4435
370
1704
2061
73
5357
3574
5204
3832
3600
2328
1994
3946
4743
4947
4082
5328
3464
4785
3359
4238
389
4746
666
3185
5354
412
3518
3347
5248
1239
4729
3886
3734
1194
2104
4930
4086
609
407
984
753
5039
652
1814
5171
3126
116
547
4858
252
5291
3095
1073
2208
5070
5234
4407
502
408
3477
2586
297
3249
4419
1114
1728
3764
4467
5374
3191
1020
187
1319
3935
3966
146
4047
1742
4862
3598
1922
4713
521
5017
5221
2825
1787
3381
3365
5289
4211
4411
2086
2664
495
4141
3959
2781
4249
5396
202
3021
4110
1535
1124
2697
569
1438
738
5287
544
4978
4047
3956
1798
3376
657
838
705
715
883
3661
234
3526
2168
4433
2858
2414
696
1869
1868
4621
2246
4286
972
2280
1898
5193
2840
861
1307
4746
2757
3046
4473
3981
1288
1905
5216
267
3907
3490
1467
956
5141
2859
4631
1837
716
1773
690
1650
4880
575
874
4806
337
3693
2463
450
1688
3104
3449
76
2491
3373
4159
1760
4875
1643
2952
2182
5295
2653
3068
3591
3394
3625
2781
3964
5076
1711
971
33
1495
733
726
474
5186
4424
2657
3067
2103
684
2290
1466
3830
1922
4796
2645
925
914
4467
2174
188
2330
4942
1798
5041
4803
2512
2014
4063
4070
2415
5352
329
3021
3031
5038
3166
3372
2186
3015
4829
2708
2497
734
3618
5190
1045
5384
5306
1363
2711
1984
2169
1682
93
193
2257
4851
2421
3170
1709
3821
4722
923
3406
3017
4510
2894
99
5130
1487
1667
3931
2417
2462
2678
4620
2898
2212
4659
265
1956
2412
3453
2824
3892
899
2769
687
866
4635
2482
1740
203
3265
1785
1451
4363
1051
5286
4374
5149
2745
1458
979
182
275
3608
4900
219
3271
3999
2548
468
540
170
1953
2073
3707
4094
2490
1910
975
3857
385
1524
200
2097
3660
118
2279
1656
5022
4010
4468
1837
4017
2489
2491
1137
277
3824
1325
2098
4516
387
4764
1551
3542
3319
4415
3074
3441
3861
3574
3468
2652
1320
2716
2380
3203
4766
1821
258
990
2744
827
2357
5356
1059
2984
3960
3879
1772
3898
3528
821
4851
1868
4016
2050
3231
3528
2964
2865
68
630
3725
3012
4149
3912
2872
4638
1987
3331
4887
4544
227
5220
4012
5203
2593
2765
5021
1288
3075
1477
5119
445
5123
1259
2978
3941
3280
4698
2364
3340
5230
5157
3793
1386
3330
4101
4823
4200
4024
2830
310
2955
865
3788
3361
2189
2462
1113
4063
3795
720
5115
1024
1515
128
1712
3117
2698
3444
4281
909
989
675
3043
2508
395
4154
3199
255
2775
2455
2858
1438
2394
3339
162
4159
496
1414
3689
4808
2039
4980
1733
1137
2237
4978
1350
1272
4844
2607
954
3200
2012
650
1693
4436
3638
3681
2465
5160
718
4991
5183
1397
379
1047
535
5141
5075
2515
3896
2886
3447
5089
3220
1929
4215
4604
235
3261
4755
357
3625
4580
3681
4443
303
3781
226
4956
335
1867
797
2987
4906
2264
3657
5042
533
3348
2014
4947
3122
1468
1236
3164
3662
1555
1941
5308
2671
2420
1159
2307
3521
3216
159
4978
4172
155
733
5200
5077
342
4206
136
2727
3893
2606
161
3739
2312
5363
4554
1435
2793
3025
1465
2626
82
228
518
2937
4974
5404
3383
2568
3579
2250
1176
1468
2962
1055
3401
4327
3599
1005
1090
2068
3951
4876
1089
5031
4120
2956
1138
2457
3627
1574
4490
2240
4289
3976
1190
3727
10
1234
679
1883
1701
3447
1044
332
2871
1326
1556
864
3083
1348
3076
3378
823
3241
2859
1947
1539
421
2974
1137
3916
1628
813
4561
3434
353
4817
5070
3578
2925
1818
3088
4039
1537
3644
5069
2127
3825
5313
1057
2724
717
5289
3734
4485
2754
476
4279
192
211
319
4475
4261
2860
3527
47
700
3588
3973
888
5081
1454
800
335
4050
3048
3260
4691
831
2824
4108
4497
4106
1493
1349
3464
1662
342
4875
4526
2313
4008
946
543
601
228
670
4913
1085
3859
4508
352
5068
2706
1674
2548
545
122
4703
623
750
1615
1841
4136
3951
3315
2775
2867
4418
4777
4031
3796
1948
1484
3216
3210
176
5175
3420
3900
834
3509
838
5087
1356
4864
625
3174
702
5369
2658
5250
3122
3146
1309
2729
3742
2355
626
1732
4541
1646
3344
3163
3678
3945
3067
1308
2883
1304
1009
2673
5102
1099
3608
3581
2014
345
3416
3951
137
3926
2852
5057
3120
464
2999
1593
3894
931
67
3380
3577
2596
4405
4934
787
894
2775
5332
3528
3373
3860
985
2222
2981
1464
4102
2661
3411
1369
25
5314
3465
4697
1935
3189
1590
2535
3674
2456
2089
4819
3615
256
3006
3647
5228
669
4384
1018
3741
1991
2523
1188
4177
1827
1312
5156
2528
4621
642
2374
2399
1157
1597
961
3503
2815
1641
3232
2077
3635
4142
4362
2955
268
1108
2747
3653
5128
4964
2082
1616
652
4627
909
3118
1779
4500
3957
5130
672
5264
4367
3750
4466
3447
296
3061
5284
89
3037
1685
1204
453
4597
253
3011
2797
1761
572
5382
3525
2521
3124
2484
4841
2150
102
4729
2252
1978
63
757
3731
3343
3707
2372
1107
3470
5137
3904
1672
4855
972
164
1676
1383
4079
3854
637
3143
1297
3742
358
4977
3078
619
5380
570
4209
1921
2483
3052
5334
2003
1725
272
623
3290
3922
3656
2608
2964
1621
685
5021
1046
2507
4324
3113
660
2494
2524
980
3752
1167
2986
4314
3281
4157
4074
2176
3592
2701
136
3928
635
4675
5400
3536
1081
101
5246
3610
3482
186
4421
1747
3221
5063
709
3258
3649
1761
4632
1849
1825
4976
39
3209
1656
1479
4047
3080
2668
4487
1482
2915
4523
1526
4663
1909
3537
2140
1243
3205
1791
1097
3002
5204
3211
4448
2858
2728
2494
1627
3923
3585
590
1773
4298
195
4617
3477
1710
1287
2063
1443
459
2612
5298
3343
2103
3496
4567
4007
357
2265
4986
1119
1320
5383
5145
4409
771
2842
1245
1352
2390
2588
5384
3994
5056
2103
2238
450
3757
3222
2470
3070
4960
2308
2302
956
4540
4666
1229
779
3291
1631
1362
3153
3452
1867
2304
4155
4947
432
1795
1018
119
686
1163
4234
4469
4092
4576
3128
1181
1191
1254
4977
4807
2620
2362
4385
1867
3408
247
2993
2333
665
2741
4047
3081
3367
425
4198
3292
4261
771
5277
4038
753
2532
5217
4731
3675
1564
629
3476
4121
17
2292
124
4102
2449
3001
426
3770
4790
4401
1900
3964
967
950
272
1604
1114
1358
2752
4021
897
87
4728
1524
3571
2425
2258
198
2522
1579
4153
4060
4700
496
589
1884
3125
862
1578
1940
3772
313
4328
4843
2570
3508
4469
1687
34
4426
2236
754
742
4925
1279
2385
2538
3133
1795
3094
4123
4009
3697
984
1326
1699
2983
129
4579
1416
4
698
2009
1136
1375
1752
407
4796
4793
3877
4963
3478
2943
4783
4597
1247
3870
1297
3675
5073
3757
2254
2762
2107
458
2255
133
945
2592
2604
407
4324
3413
1347
746
2955
5130
852
1970
405
3921
840
3444
4852
2655
1362
2842
4690
3285
3310
4528
2390
5066
3059
5244
2430
3031
1035
1234
4675
3644
3740
2522
4415
4086
2305
3341
3667
3378
5313
82
3426
2516
4764
2156
4088
3751
3809
4214
5377
4095
2948
4065
2221
720
228
2299
4437
5075
4706
2174
3992
1889
5403
4143
1112
2502
2349
3835
2825
500
3526
5351
3424
1967
4074
3917
2313
2344
3229
3510
5111
1902
5100
185
2428
2852
828
99
1477
363
4140
3282
2473
4194
1903
953
5160
804
4330
2304
3110
3289
1551
2704
2988
114
225
1432
1838
3518
1902
4101
2245
3474
1700
2412
3932
3599
4432
219
70
2282
2686
1153
902
1065
3823
2393
3652
1137
646
97
4190
3546
1752
3905
2404
2939
2563
435
5031
1344
4918
138
5334
681
2996
3767
3330
3703
3759
2242
17
4986
3023
635
2078
5045
3978
422
6
4863
1413
2586
3964
4569
4063
1780
1200
3522
3182
659
5268
3340
4441
3077
129
965
1231
1559
4740
212
5008
121
5301
562
1572
1529
327
710
3663
4998
1020
4897
3381
1797
2461
4402
5055
275
1463
3379
1587
4536
5230
4064
110
719
1128
4586
3073
4023
1373
5236
3300
3599
4828
2231
3958
4426
3386
5104
1622
2998
2182
751
3858
2268
4146
884
309
1621
1489
1474
3769
4540
1977
1601
53
1626
2497
450
3205
2094
4793
1378
4135
3703
3830
4666
1564
2465
2345
4756
5060
1356
5150
1079
4567
3003
3030
3032
3835
5312
5072
96
5139
3876
3332
3664
4206
1344
3717
982
1786
2982
2773
796
2278
4196
1964
357
3434
4905
2252
604
619
4495
2394
1824
1068
4025
2904
4445
267
4988
4607
3864
4184
2503
631
3401
3835
1436
802
1628
1051
3863
1155
1819
2339
5215
4606
801
238
3487
1885
2099
5347
3290
3492
3525
2664
1149
1785
3107
1995
1026
5173
1449
1165
3218
5240
23
4800
1009
2130
4234
3883
1485
684
4205
547
3935
833
3546
5341
930
1818
4087
3898
2893
4123
5144
2515
205
3113
4947
2684
740
3100
3898
1988
2857
5178
2355
5053
3570
3159
195
3086
5331
5195
2234
2157
1036
3954
4270
3036
1609
359
1628
22
1178
1831
3501
3144
797
1178
3876
2833
3443
1910
3291
3936
3719
584
3953
2408
3334
4764
1450
892
4930
2347
4642
4615
3946
4065
3523
113
1197
3653
2319
1243
3788
442
1805
2069
2511
2136
2235
282
2620
2397
764
1731
3451
702
5036
4895
2646
3756
1274
4858
4961
2563
696
3191
2082
5361
4757
5022
3502
4041
5125
673
596
4317
295
3061
2631
336
1252
3932
2672
3852
1432
2103
4435
4141
3142
1241
1467
5288
161
3389
3430
498
3147
3390
4267
3574
4776
3960
3408
3859
3976
1098
2379
4390
4259
980
1908
1531
176
4242
1693
5379
5119
3919
4908
425
2118
3039
1350
905
2461
1317
651
3420
5179
2733
4783
796
2112
3353
1649
856
4957
4868
3215
3759
652
3406
2993
1673
2154
4304
1278
3340
172
1060
5168
4535
1209
2690
1136
4286
2417
187
2222
4394
273
4077
5327
4945
5301
190
2628
3179
4303
3751
3659
2132
385
4346
30
919
4117
557
4036
4737
4778
52
3041
5225
2066
1282
1977
2014
1802
2822
1585
1176
2410
816
2967
1096
4143
3380
306
1420
4677
1555
4118
4838
2902
2468
5003
1795
11
2735
2657
3349
5307
1040
5308
4820
1823
2201
4338
2510
1745
1878
4023
3656
2243
573
1884
5209
2594
3314
4383
2863
1868
4272
860
3466
3272
4048
3962
3874
2808
5144
2260
317
3167
1996
2064
4168
2395
3269
179
3785
3864
4258
3659
3263
1396
5318
3517
4437
5179
1404
4855
1481
2747
2264
4579
4242
4943
285
4413
3451
1736
4136
5230
2093
1663
1568
4433
3363
5104
4436
1231
285
228
402
2710
5237
514
2364
118
1573
3147
4690
1098
2365
1850
2665
4175
606
835
2229
3577
5207
3484
2755
829
5395
3815
2837
3399
1472
4417
1409
4627
380
1164
4821
3008
824
1979
4125
954
3828
410
849
4699
158
4098
2050
2996
5168
2115
3666
808
982
5132
791
5345
1050
2579
1209
171
3787
1118
4300
2844
4375
3990
1615
526
923
447
2730
872
563
4935
2288
3297
1899
3944
133
47
3932
1325
4819
3451
2253
581
5400
3948
824
532
2987
2812
134
3830
2409
5077
260
1294
4068
4051
316
2344
4128
3872
3937
3665
888
3680
3123
558
1915
1032
4156
271
4357
1152
5267
481
5394
3363
977
1333
1618
3959
1562
782
1708
3934
1034
209
3264
2531
3357
3051
3882
4771
4983
4570
682
3848
4618
2692
3118
1084
2454
3206
1551
4962
2164
5222
2641
4381
5338
3735
1194
432
5175
4422
2856
676
1038
1938
3034
4283
1817
2272
3030
2522
758
3643
4485
500
3342
2710
366
5396
4799
3381
3476
1327
1062
462
4675
1500
1807
1312
4011
3274
2142
4773
3540
4460
3869
2239
260
1949
4354
5128
5383
3761
2502
409
4179
3488
4393
4537
3622
4736
2381
1656
4248
5292
3225
5382
1361
2247
145
393
1711
1613
2808
4646
842
2817
2486
329
236
3623
2936
342
2291
619
2074
1702
4590
4807
4521
2884
2267
2046
3799
4565
1145
234
1092
1216
1633
4018
5375
3255
1235
4197
474
571
2779
694
5140
303
1221
2721
1559
1809
657
1653
4923
427
1293
3597
3374
1633
4527
2613
4340
1661
1808
36
240
4338
596
546
3118
5247
5146
2502
1816
5173
3707
2441
1518
4201
4351
2577
1335
3038
4330
2021
927
3144
4011
377
1817
2555
2319
5211
591
2958
4004
3470
531
781
2104
1647
1702
3704
823
730
812
3339
4687
3046
2912
3474
3187
4230
4919
4606
3518
3947
5256
3556
3850
2501
4289
2105
4764
3581
3559
3549
1005
904
3736
1696
423
2121
4944
1905
285
3808
1453
5169
2211
2294
3401
2864
3634
1057
4724
5194
1752
3629
3867
1720
543
2906
5182
779
2124
2336
2539
263
88
5209
58
4196
5249
3835
1310
1886
3298
4805
1996
4755
1274
3702
1240
2179
4122
1717
2131
2553
867
4418
2404
498
95
2288
4345
4074
1628
3783
2733
3175
332
3864
1969
2837
4215
4948
3105
3527
5290
1627
4513
553
414
12
4496
658
3277
819
2430
1235
2539
2606
854
5138
3034
1260
1205
4764
2692
5395
4979
3920
2975
3688
5073
3202
4491
446
13
3620
2877
785
2868
0
2046
2845
5243
5057
1081
2255
4792
268
1849
1620
4160
1284
3233
3240
3751
3666
689
5025
3204
51
3263
1705
1931
1756
68
5191
2776
4920
5402
1988
1899
3880
5240
3329
1314
1208
2627
4393
5344
611
2005
4997
2756
1845
3621
5233
1477
2030
1884
2175
1081
4211
4428
3719
1950
4196
5304
1592
3810
2423
2018
3748
2517
1948
2081
1945
3841
4553
239
5074
4557
444
3422
3823
1710
4460
872
1535
1195
429
1218
546
1217
4426
1609
4697
4877
122
3449
2726
404
547
2862
4029
1747
2617
2549
1036
1793
4151
4127
431
4881
4006
4532
3316
2995
2530
2637
2945
3329
5366
3313
763
2888
1786
4984
2922
3847
3084
3697
4232
3073
1826
3427
1145
1907
4488
919
3232
1828
1626
2469
5086
4843
2428
164
3714
923
3754
1593
5104
4969
201
1999
3404
3323
1381
3737
1730
2894
2203
2535
2324
3551
2601
801
3670
601
4161
5257
1120
2627
245
653
4437
4726
4270
1873
957
4649
3689
1747
397
669
1286
1109
348
958
350
2755
800
4931
1106
2345
2925
1870
1055
4404
4941
5249
1940
3196
600
3885
3265
2250
4385
2749
3149
373
206
584
1772
1647
4547
2344
664
1186
2245
3089
380
4002
4280
4492
393
371
5079
2706
729
3207
3651
281
262
1657
2481
4906
804
4330
5382
938
957
1444
2158
1777
3194
2568
1903
916
3681
2064
3989
4738
2373
3145
4716
2966
1469
592
2065
3789
402
1809
1968
2089
4833
23
4959
4374
2336
4326
290
2084
3425
1814
5308
2444
2533
5186
5291
581
5341
3914
2110
1882
1777
2871
2985
2713
4040
5038
890
2456
3241
1544
4928
4126
3997
2235
3334
2044
769
4846
843
4622
3073
144
467
3726
5232
2583
3272
2809
650
1838
4891
5239
3040
175
2752
4808
5168
50
3232
967
1563
2884
1050
2586
5111
4522
1501
574
2619
4921
1203
1658
1250
772
5288
1080
338
1016
4411
2325
358
1842
1068
1155
1317
4232
2967
4179
918
4515
742
5278
3069
739
2551
4717
3041
4635
2951
550
2322
2291
1410
1075
3031
1989
4692
4092
557
707
1440
3894
3706
5105
3925
118
1086
1109
5247
2354
2823
3059
3514
2517
5282
939
3000
2394
4643
2563
2283
3017
278
1117
2824
5082
5221
3233
2204
3855
127
4918
2570
3211
4113
5165
2456
1675
933
2885
1426
621
4286
1938
445
4953
4348
4979
5183
1548
5314
2547
1192
209
5004
372
4149
2046
2918
2697
2010
1002
672
3429
4555
5242
4435
3597
4232
1249
3649
2651
3251
1019
3769
4071
1735
933
3709
316
5026
3369
4615
1281
191
828
4275
4000
4349
1062
847
3959
1670
4823
3723
3191
242
5219
4678
1070
2624
63
5186
5184
4210
3342
4180
4621
4795
633
3597
3373
610
5329
1300
272
3958
672
1359
3750
2537
1037
2093
346
4284
1247
3257
3675
1975
707
4301
3212
4784
2566
4124
1020
2295
3542
3399
959
4060
2115
4578
5238
856
3578
5118
2611
4940
5344
1735
4283
789
4308
949
821
243
138
3871
511
1927
1318
4241
857
1457
4875
4921
2569
3185
1995
3201
1470
3855
502
3473
3053
1304
2223
2000
4412
2470
3323
2560
3801
5118
1060
2179
536
1561
1983
4674
1389
915
4440
4372
3895
2553
2706
278
2325
3007
1897
2929
940
824
3971
207
3655
5032
2753
1180
1261
5200
1877
5139
5189
4505
2637
2613
3085
2815
3830
2218
1620
3903
4538
4509
432
3806
4475
2559
390
405
1252
2506
5306
1140
3122
2292
1004
266
1009
4264
2461
3922
869
924
2726
2790
3685
2818
150
796
4931
2310
1455
4640
1305
2158
1832
1394
842
4041
1715
3479
4905
1233
2395
3206
3127
4955
2498
3257
4674
2943
550
4907
4944
157
1428
1461
1684
872
466
151
3485
3710
1095
545
4346
2455
3269
994
889
1372
55
1487
2046
2609
5385
3628
4888
2662
542
2013
3456
77
1826
68
3191
2352
2998
5181
5113
1644
2892
2226
710
3949
2298
3402
5327
4687
2183
4968
4179
3758
1931
1849
627
3463
808
2556
1644
3596
445
3125
1375
4539
91
2803
1550
1196
4579
4422
5240
4833
2720
813
4877
3319
3261
1303
2348
1288
3782
3263
1005
4549
4897
223
1150
1136
5220
3266
453
3320
1887
2384
1676
859
1111
931
269
560
4747
2859
1470
1693
1726
5071
5215
3944
1443
2715
4632
3495
2036
4303
4087
3832
3584
4619
4126
445
5262
1132
2608
1313
3875
1641
1352
4380
4813
5018
4369
3604
4095
3069
3329
3509
2961
3295
3194
2061
1943
1978
1004
486
4228
5032
2370
840
307
359
4356
514
3619
2872
4070
993
4086
150
5169
281
3569
4997
5
2218
3055
2918
3463
1379
1729
4384
919
3523
4242
99
3512
1968
222
3792
1459
478
3907
1759
2311
4457
4821
3763
1871
281
2819
3660
4819
2357
101
83
1396
1165
3214
1304
2362
640
4775
4188
196
2499
5402
535
1052
5107
3489
450
1224
596
338
3217
805
2085
2348
3128
538
3181
2692
2598
4226
1141
980
212
3497
4396
3002
3609
4561
4667
1769
2295
2355
3318
1026
2471
2954
2491
503
3006
695
148
4248
554
1041
4131
3945
2054
5238
3825
1039
4377
5235
830
3355
3515
912
513
4177
173
1367
1585
3901
1963
4770
644
4991
4859
2832
918
2731
3331
653
2250
2031
4950
4141
5088
1266
315
1948
3022
1446
1506
3204
5271
5294
4339
4086
3591
1845
4577
563
1699
683
4784
1402
3682
2187
597
1903
2156
3537
3486
4555
2916
4646
4920
3091
4218
120
224
3238
997
883
2561
3682
1023
587
3311
474
3420
2049
1981
4708
2501
2262
2663
1626
2511
1926
3609
3925
3588
806
4949
175
5014
2788
3026
5066
2086
2223
2533
3268
914
2030
824
2530
1230
4258
1306
1778
4983
2278
2153
1479
5281
1818
3249
3696
3564
771
3419
1643
3293
4457
3757
563
1939
2545
1589
337
1587
698
4081
1631
1132
3321
867
4436
5257
5069
4891
3203
806
5310
1910
1620
4257
489
2552
1089
1065
5364
5309
4519
1919
5175
3307
1612
2292
1593
1588
3020
2042
2265
17
5390
4505
3947
4780
1835
5036
339
3330
0
1458
914
3666
2932
4302
4011
5323
1120
1671
834
258
3117
345
1351
601
2617
1272
1732
1533
4153
2671
2709
321
3998
799
79
3041
2939
4474
5380
4127
4425
4595
1029
4710
1339
4845
4302
631
4675
3219
540
102
3159
4903
2469
4043
2616
2886
3392
1420
5331
2632
3079
2756
3080
2934
919
1088
2192
1673
1777
4461
1818
2085
5152
3342
4619
1370
2994
3467
4995
2930
3552
5329
3910
2526
692
4626
32
1794
3505
4184
2974
5213
3468
3305
3019
2310
335
4452
5238
57
168
2501
2863
1885
2422
3607
1796
4218
1352
1098
1072
493
1082
1978
2825
1022
3835
1890
395
979
350
2778
3159
535
4950
1691
1872
5151
4068
963
4242
4643
1023
4142
4403
3624
2107
2699
2721
5003
2697
3102
2082
2688
1308
303
837
17
3556
5161
4228
4330
3855
1645
2393
3028
973
5123
1135
1017
4583
490
5169
5354
400
3115
382
1666
2106
3832
3161
3745
2609
587
3651
903
5232
2578
1805
35
4567
1629
549
1047
835
929
1004
5332
4558
5147
1012
191
2898
2638
3862
369
372
2449
4803
4972
2271
2878
604
4929
1835
2338
5277
897
2629
3223
1932
1113
5014
1440
3094
3065
2504
3281
1653
1339
792
2780
4542
1247
1270
4853
2537
3727
1369
3626
4972
2416
1020
935
3431
1423
4997
3149
2232
3286
627
205
1325
3487
2371
1993
4327
4272
4399
1740
3560
5384
4713
2703
3719
2203
4903
3707
2038
2222
4586
3532
3149
4628
662
5059
2138
2031
1819
3679
764
3249
3024
3525
4696
1189
5069
2156
347
1472
3011
76
2598
3907
5260
1306
1305
1128
879
4600
4418
2618
1219
4542
5219
3784
3519
1109
5124
4776
3236
243
4923
1248
1507
5045
3823
3963
1555
675
1787
43
421
3342
5104
4127
3743
1439
1107
1926
137
5119
199
989
976
3281
3149
3054
1395
2702
4678
3767
4714
3478
4260
30
4306
912
4810
2272
2626
4650
282
486
2238
88
2521
5369
2092
4355
2972
837
4636
1103
521
2478
4436
2771
980
3853
958
1078
4470
562
4980
1388
448
3879
3514
2641
5031
3376
2290
483
2221
1481
2849
2523
305
2102
324
4894
437
1245
5076
3903
2835
2678
5070
1988
1007
1819
4993
688
3470
283
2706
530
5401
1380
94
4776
4948
4954
1898
111
548
3787
3516
2889
2620
1659
1275
2418
1280
4739
4922
3591
2992
1705
4120
719
30
3434
2742
46
2027
4344
4679
3339
4987
4058
1127
238
3675
4718
3094
2056
1187
905
931
704
3133
4336
2513
2603
1239
4347
4531
4372
554
4271
2843
2662
867
2456
4153
5204
3310
4761
1040
2877
2648
106
2191
4038
2829
4311
5235
2678
4317
4007
435
5267
994
3219
5260
2373
1972
2094
2442
3738
2951
111
1659
4721
480
3953
2374
1843
1208
2185
1004
4920
3791
1144
2962
4060
4508
4245
3927
1915
4001
44
516
5318
2228
5184
1105
3257
1701
4652
90
691
1979
5369
2795
1750
3739
3180
717
2637
4633
1159
1876
3627
5080
1543
1019
353
3119
4322
4348
3673
3860
1672
367
2402
2228
3835
509
4905
1261
4297
3086
3872
1892
1966
1352
1216
2874
4955
2163
2171
2268
4120
2467
2391
1400
3258
2247
2080
4080
4915
4259
3283
292
1405
5390
5354
5188
3365
2988
2480
0
3128
2322
4664
3950
2452
5200
4473
3426
4600
3536
4660
845
4940
2270
3741
4107
5307
4894
151
112
4224
4462
5102
4890
1371
1162
1694
4423
1584
3081
408
5266
1558
2073
1843
857
4562
1728
432
3252
4429
411
162
2267
1593
413
1616
547
2619
5098
2392
2841
4464
559
1240
1117
5365
5281
4490
540
2668
3347
2197
4215
561
3356
3128
1461
326
912
4433
4637
1784
816
4379
5155
4399
1359
2495
3798
2492
96
657
2269
312
4215
1705
4953
3429
1116
945
1210
4787
397
1305
2110
1202
3770
5285
1729
3767
2049
4093
1615
3616
5309
1182
3238
1230
2181
3884
3298
4071
3484
5210
1684
151
937
2511
232
912
2797
2119
1063
846
227
2519
289
3120
1034
63
1407
2602
4945
4176
5091
1464
2393
3449
400
125
5190
3210
4396
3278
1019
840
3228
4666
1792
3242
2835
5088
2629
4368
1607
4900
1496
1707
4431
874
1777
3857
4440
3307
4224
1601
2028
2470
4426
368
1375
1140
4938
1367
1906
4599
2808
2710
3117
5019
5150
543
2278
583
4461
2483
1369
5324
4053
800
2692
2508
3788
69
2801
1438
4342
575
1844
1574
244
4955
5133
5070
3814
5146
277
2797
3740
1873
2862
788
4993
2829
45
2258
2269
2358
2385
2057
4325
4290
2327
4026
1042
1286
920
4658
458
1002
652
1385
2455
790
1548
4555
3549
3064
872
3286
406
1541
1152
4716
5022
4904
1796
2127
616
5374
137
1153
2304
2429
816
3036
5310
313
4323
4037
1681
4428
3165
4248
3754
725
4354
4558
989
5030
3035
1183
3144
2239
3107
2136
1285
530
3096
1287
1625
2657
1425
2529
3421
1133
136
3182
2090
2649
1495
335
4474
5007
2255
4101
5265
1088
1647
4594
3863
220
1854
5333
1381
817
2967
759
2529
2264
2522
4313
259
1582
4416
4939
2925
1530
609
3076
2529
830
2888
2028
2204
533
100
5397
613
3620
252
3336
289
823
513
753
637
4333
4678
211
4702
2643
13
5128
4147
203
1516
4333
2085
5146
2232
3799
1664
2257
2433
4132
1716
1686
2625
4449
1440
2254
4469
3736
3923
1279
5150
3512
5183
382
3041
5002
1863
3158
229
3824
4880
4412
3450
1374
4911
4879
