4894
3709
4142
4889
1404
3436
4891
4713
3096
915
2224
5371
558
1724
5134
2429
1127
1712
4911
1813
2309
3392
4354
2659
440
3098
189
510
1028
3748
1532
3730
882
636
126
3814
4643
1187
1284
70
3485
1625
739
3496
3241
2418
827
3452
3003
2339
890
5020
4665
3728
5383
3136
1863
628
3284
2807
2358
5365
4537
620
4779
10
3521
1704
3944
5148
2866
4123
293
3606
635
2460
1802
395
4038
504
1390
464
3579
1626
239
146
1187
2738
65
128
3602
2850
730
1686
681
1486
2097
1178
1067
1223
1629
2999
4789
3502
2424
17
1019
3427
2189
4578
4912
1602
1970
1611
3656
533
1492
4748
2017
5242
2139
4523
2499
537
3122
1142
4961
3788
2860
4986
2956
5225
3863
967
1589
4572
539
5305
222
4052
3341
2194
3249
3147
1944
1529
269
3540
4759
2032
4637
2147
1374
4327
5007
495
4709
1724
4185
1583
5352
1819
1116
283
729
493
4432
109
637
1294
765
4192
36
3682
1891
792
1241
2845
1336
2114
2097
2897
3795
1570
3292
3864
1602
4130
449
2666
1905
679
3562
4604
2618
1910
4890
5354
3397
3033
3454
3800
3688
2912
4066
4034
3488
2859
2002
1156
2743
1659
2545
969
4895
696
4753
3063
4919
4765
923
1484
5386
3575
459
1426
518
1644
409
213
239
2554
3852
2748
3624
3534
728
3809
2715
2264
5196
2462
3705
4201
2614
828
1026
1565
1028
2167
367
4156
4154
3439
619
1175
4858
4725
3932
4697
1119
1561
2355
2558
1967
1323
4391
993
3091
4401
815
1811
2041
1541
4953
4748
695
358
3215
2725
198
4673
4735
3040
484
1037
4524
3702
2402
5053
234
3696
4494
4462
516
3806
3047
3395
855
5205
5233
633
2976
2896
2408
1815
1284
3947
2757
2439
2740
1544
4855
4150
1420
1660
2882
3425
4867
5017
340
4678
74
3123
4170
963
1236
386
2385
4507
4
4083
2103
5059
3032
2498
1548
4584
2509
3769
3572
4425
1599
566
1021
3361
643
186
1902
3583
975
1582
670
5296
4916
5333
3435
2045
1493
1842
4218
2937
710
4775
4630
58
501
2731
2567
4467
1136
5315
1884
797
5294
4121
4286
924
5212
1642
2520
4711
643
147
3336
2753
5124
5251
1972
4048
125
3878
2409
1722
1542
2540
2452
1679
136
180
109
4586
2276
2484
4955
458
4417
4809
2322
3815
132
2128
86
3980
5244
5011
2843
4412
3655
29
1701
550
2326
1804
141
65
633
3047
4528
3452
4744
1241
1346
2009
377
2824
633
351
4540
1356
2431
2498
238
216
4677
4927
4089
2496
982
854
2823
1170
3358
5357
5088
1324
1289
220
4996
5228
4495
3926
3220
4968
1698
2662
4966
3278
1945
1067
1532
4656
3225
3851
4561
3954
2866
317
4247
1266
970
183
2722
3404
579
574
2476
2791
1226
4897
2353
1348
4326
4214
1677
1884
2308
351
4869
1103
1174
3901
2529
3528
807
3569
5191
5249
136
778
1177
3146
2764
2610
1388
589
2498
1217
3586
5296
727
4837
5032
2097
158
1854
1389
3909
5280
5197
1175
1230
2255
1368
3527
3332
59
1280
2383
2275
4012
435
475
2140
969
676
5251
3716
240
4043
640
5085
1140
1784
242
1239
742
3881
5130
590
1362
4503
3038
4528
1723
382
2394
2250
670
3415
3976
3067
3730
3983
4705
3820
1696
4754
4769
4594
4973
28
4684
4555
1823
907
4245
4668
2265
271
820
1629
3574
4235
553
401
3413
2450
2745
4966
74
3542
2060
3002
1121
4431
2176
2606
3362
2249
730
2805
737
2618
3696
4766
2788
2880
2942
3048
1348
2076
371
451
4242
698
216
5261
706
585
686
2571
3004
1381
4209
4196
2519
1003
739
4761
1044
4932
1914
5221
1769
3907
269
1781
4088
4841
4799
5001
5146
3731
2384
974
3433
4190
3036
1066
3319
3424
2324
1016
4027
882
241
3688
3114
5272
1634
1888
4570
3263
4710
4400
3469
1302
2695
5273
56
3569
4886
3840
2578
3457
2716
1954
5237
4907
1254
427
4283
2540
3079
1109
5260
4962
3578
5201
475
3262
579
4634
2995
4068
2311
782
1621
3085
3780
5054
4319
4234
4630
1980
3108
951
1999
4432
1484
1153
1796
24
1529
725
2548
1181
4490
2983
4050
1613
3084
5364
4929
2405
3465
3380
842
4719
1559
2640
439
3887
3660
5191
1480
741
457
232
4365
1616
837
2794
1795
4941
185
4491
3694
5054
1365
3655
237
3951
726
209
2980
4857
3889
4263
3824
3696
4477
96
1490
597
306
4951
306
5178
1540
2784
1678
3299
2209
1208
349
4679
189
3828
4506
148
279
1908
3984
943
706
3707
4645
1371
5200
33
2627
2421
4517
5282
3003
4066
3362
640
4529
633
1470
5021
4991
3818
2478
1609
1668
428
201
447
3041
3154
5047
4648
2295
433
3563
4234
1248
716
5339
3638
1915
4047
370
1404
4911
2434
3840
4082
3616
2027
1936
2555
3972
2720
136
2400
2615
3154
2390
2692
4370
4052
1652
322
4357
3164
67
2581
3406
5343
1893
716
2389
765
4494
706
5387
117
3409
5378
1371
1596
717
3273
3389
1730
3578
2996
3360
4560
2283
3634
4332
2318
2979
5248
1477
2030
3925
5400
1941
4370
423
963
2404
1653
1759
3512
4143
3259
3146
39
4598
3946
501
2646
804
144
3033
3397
4634
2258
452
1621
2128
426
5124
1664
4606
1816
4223
2468
1650
3689
1866
2104
4900
2874
4548
4385
4240
4768
5101
360
2697
3314
3219
970
2771
5292
2296
1475
3642
4117
3325
4707
4964
2201
4258
4912
1517
331
4176
4382
921
3906
2784
1249
85
623
4451
695
4533
853
1137
4503
1407
2374
3556
70
586
2785
2335
2022
4657
580
1947
2806
5273
4058
2516
5362
4990
4369
4514
4507
1225
2695
2262
1562
428
127
908
456
4612
4461
3471
3322
1993
648
5064
4223
888
3426
1394
770
1865
3684
3548
3604
4604
5097
3035
5365
1131
4897
2150
2699
3330
2612
2261
2298
957
646
4621
1267
3757
2111
3394
3729
3160
5136
3954
3474
848
2157
4328
3119
4209
1524
3680
1216
1653
2700
1833
1001
2353
224
4007
1842
3884
4016
3210
2645
4798
2618
419
3824
1987
4373
4182
3587
3193
1394
3345
583
4957
1149
284
1211
5061
3885
1548
4638
4438
2713
1777
5104
756
1669
3633
456
4197
3225
3915
192
498
4655
621
2032
407
2865
2556
3341
2034
840
3501
796
3720
4033
4409
2515
3636
1549
3723
4667
2053
2541
3513
4909
2126
664
2837
3815
3811
4450
4967
2102
255
36
3267
1799
4740
4625
3845
50
1337
5383
1236
245
1859
2632
2360
4720
1041
3087
1477
3235
1998
4284
5066
3988
910
1448
2292
378
5020
3089
4866
3649
4910
3738
4146
3030
1868
3388
3387
1953
3269
3781
3795
2422
730
3081
785
5177
1569
4092
2977
1770
2812
3662
3356
262
1920
1968
4959
4126
1226
5332
3407
2271
4060
1032
2974
1631
2769
4467
535
234
5122
5090
1398
689
2316
4428
2426
4322
3828
5366
2642
2470
1411
653
4111
4219
4791
3473
965
5175
4782
0
2959
4661
1096
4070
4114
4832
5110
741
75
1586
3270
2548
1177
3615
3693
4941
996
149
141
3286
153
309
140
179
600
449
3144
2577
1202
2306
4669
2548
3417
3063
1184
1176
3829
4755
4468
4499
198
2969
563
1413
1034
2589
560
2107
1013
3935
26
4924
4211
3369
4570
1724
5030
4501
1518
1348
2027
1770
1232
3744
3965
3305
1893
311
517
3901
3306
4594
3194
666
2460
4816
3995
4946
4684
2476
3087
4420
3876
1720
1551
1448
2481
1175
4765
5018
644
4358
4022
3687
2599
2732
2525
746
123
1720
15
4154
360
1605
2275
1663
1083
4242
3118
1282
5304
977
3990
2240
2475
5193
417
1613
1019
4466
108
4278
4136
923
433
1607
451
1700
1
3335
811
3217
3099
3807
2580
2697
2427
1011
638
4535
28
4296
2831
1331
2767
2634
3382
3009
4699
825
2654
3867
2383
261
2661
1226
589
3651
4488
3163
1745
5142
3494
4488
4068
2355
5093
4460
807
1687
92
1008
4783
818
90
3554
3118
1488
4189
1289
4221
3819
4624
2094
1245
419
2885
5068
4923
2978
4990
1146
2908
1889
3348
616
3873
5263
4605
757
3143
1544
1415
1233
3857
3403
3362
5184
815
2291
3754
1750
5352
3869
2943
2134
4599
4238
3417
4278
4341
4663
1054
2722
753
5228
5023
4208
977
3938
1549
2207
3409
1038
1913
2142
3736
708
1528
4262
3536
5357
4013
2520
1764
3935
5269
2265
2033
2487
385
4856
1097
3224
4837
666
2264
1066
2354
4981
2146
3290
2793
250
1426
5402
398
4266
3874
2663
3405
4228
4194
653
4230
2198
894
4521
2260
225
3783
2082
66
399
89
4448
4417
503
1696
4116
1193
52
2002
3310
2525
2318
1446
4267
3451
2313
1477
2864
4071
2308
3735
943
5203
4557
5165
3940
4262
79
1291
1785
3066
1647
2903
3785
3322
860
4662
4340
3028
1045
515
2866
4806
16
3934
3749
780
793
1742
188
5077
44
1291
1390
5345
945
2526
2723
5063
227
38
4496
1757
3534
4718
590
4132
4911
2547
3607
5212
3588
5293
1709
2702
1184
3892
4783
1649
2514
5369
1505
478
1358
2758
1603
4015
2684
872
597
1726
4696
2922
5317
1874
4219
442
1184
3691
244
1734
2477
315
1431
2382
776
3469
147
3822
2702
3285
664
4312
3659
1206
1459
3378
786
3281
4759
4563
3347
3038
1872
5152
4213
1550
215
3773
1889
581
129
5331
3958
612
2220
2815
2532
3627
2682
3128
4457
3447
1628
100
4262
1982
263
3523
1014
3673
3157
4303
4995
5041
933
3166
3522
4402
1871
1210
4291
2373
5136
1480
2720
39
3588
4882
4102
208
1671
4248
995
1042
2291
4309
5218
3656
4553
4554
912
710
4632
866
2064
5245
2097
1541
4524
3770
2539
1355
2618
2041
2055
1333
927
4866
646
547
51
3641
1443
5236
639
51
1265
3793
2695
3472
1874
5373
4856
3406
2887
1991
5004
3808
2946
2322
1131
2962
3169
831
1560
2557
3035
1973
2461
2578
5259
4643
4578
783
2762
121
3910
1379
1491
78
3553
3136
273
4135
5299
2523
3250
5379
892
4606
3213
4361
2975
4412
1702
4835
2263
2949
2489
815
2403
722
672
800
4651
4511
1428
3184
618
1910
330
28
3753
155
1738
4435
2848
3478
2812
2663
4126
1735
4739
3444
1473
4572
4069
3096
2681
2430
5118
4897
4671
693
484
4504
3843
827
3497
1402
711
2627
541
191
4229
2024
383
2561
3387
3894
3002
397
1185
5349
2499
4496
3860
5180
2829
1072
4164
77
5333
3183
4632
3214
2083
295
634
3748
1728
2289
956
3801
3522
4770
2302
5037
400
1586
1373
399
1880
142
34
777
2316
5348
3998
1353
1796
5068
4519
4591
5323
119
387
210
4326
4822
36
1187
2587
2035
685
4694
4986
5343
3570
2401
493
878
2864
3196
2483
342
5037
3502
3118
4109
3132
1058
3039
2510
4596
1454
23
2811
87
1490
5005
2419
2243
4391
3512
1790
5374
5070
3659
3907
2933
3128
2081
130
711
1165
26
3530
905
3953
713
1356
4389
331
1711
4305
5242
5286
1230
3674
18
283
5158
1727
3431
4868
5225
1444
561
4343
1753
518
4092
1420
5360
4830
3967
169
3808
784
333
239
159
5281
4578
3540
5136
2035
3779
1666
367
1801
2850
2646
2558
3896
4660
4039
4677
4961
5315
2119
634
4885
4183
2191
3260
4916
4284
2697
352
1559
5057
3326
1270
1672
5048
3207
1551
2790
3862
2126
3688
5194
3128
4248
2360
4720
1564
794
3959
1878
1745
586
4404
4248
4237
3800
4502
4106
5011
420
3351
172
3986
2733
2340
639
2188
3099
4469
2841
58
4560
175
1425
4817
819
5206
1756
3363
4523
4981
226
75
317
2768
5104
3964
3185
3210
4982
1335
721
3911
2105
5258
1270
4618
4153
626
1541
2779
3355
3591
3211
2955
1087
1199
1593
1330
109
5018
2358
4067
1761
5389
1254
3644
1928
1762
2823
1310
4631
3055
4333
3875
2359
4945
4014
5378
3284
4142
3443
547
359
301
835
2136
5329
4265
2137
2686
297
4932
2434
2506
337
1248
1383
2131
133
466
1550
485
3924
2164
2595
2112
4383
5156
1498
3435
3448
2450
4104
456
351
3150
3005
1290
1593
5068
2188
903
2002
550
4576
2143
4737
1816
526
2795
3156
1045
3563
4077
4299
507
754
5300
2326
1050
266
4451
1564
3444
4260
4272
928
3606
5354
2915
2867
2620
1265
1692
4119
4041
886
2986
2282
3865
36
2600
2624
2947
2283
3858
4642
113
225
5128
2106
4573
363
3317
356
2381
4863
3873
1419
1140
1077
120
443
1971
382
833
72
1049
1595
3060
1410
3302
5330
2966
73
3960
1690
594
4864
4690
1569
1152
3760
943
3342
1198
1386
1285
2052
2632
2087
1325
2505
3817
1196
4707
2210
2326
2440
3256
2480
1947
5018
5015
2416
3412
3341
1651
764
4505
4474
1393
1474
5179
1118
1019
3736
4207
2201
4383
3696
3469
4236
5403
4226
3415
1294
2686
1322
189
207
3519
461
3881
3635
4840
5066
4110
2066
3187
1933
5381
4937
326
4433
3318
2054
5108
4553
2424
4916
904
711
5259
4700
2959
3617
5057
2485
4638
5357
2217
2198
5065
1305
4670
1532
2688
4798
1084
4894
3405
2357
716
514
3415
2144
4219
1883
4371
5186
2583
265
1399
1021
966
502
4055
4174
3560
10
143
1714
4825
1221
1348
2581
2062
3779
1892
2008
3995
4520
5268
2868
3085
2330
3702
2209
3074
5346
3553
1987
4786
2986
4344
295
1541
2187
459
5252
5211
1881
2906
3554
302
120
3543
2741
2024
4342
1327
699
464
3970
3042
3161
954
3909
1359
4006
4137
3553
4235
593
353
4498
3971
382
4502
2123
1460
2641
3201
1995
1858
3095
4912
4102
4749
1737
1823
1028
3336
820
4358
3133
2354
2520
3408
471
5215
4213
2035
2619
2298
5146
1876
1037
5185
3140
1821
4110
3325
4148
3938
5391
2459
99
738
3282
1709
2887
290
2919
674
2296
2203
294
3153
4746
1942
2973
3386
3731
2353
1720
2456
3903
4710
430
2021
4717
4385
5191
4414
1325
3638
3135
3654
3528
219
2748
4567
3523
5135
144
4977
1680
3945
379
3370
2985
3557
3048
3983
573
75
4097
2760
543
3423
5201
4798
665
4358
66
2420
3803
3519
2089
3297
3070
3208
1939
4840
5345
4696
368
3323
1154
2036
1590
2109
875
3192
906
4902
599
3071
3298
595
2277
3910
1135
545
3466
1157
408
4391
2060
2593
5216
3219
1236
5142
1297
5090
3458
4682
75
2129
4771
1681
2531
4465
4152
2037
2934
4548
973
4117
4973
4980
1082
2533
2588
3456
3518
509
3715
46
582
1630
455
286
1166
3595
2413
2853
4552
1808
574
3380
1512
1474
34
2150
2969
4137
2636
1755
3473
4162
2393
4136
4866
2205
160
876
4836
3446
80
3699
3751
3248
4634
900
1734
2176
2930
4445
4723
8
3663
3763
3399
1370
1967
4461
3003
567
1136
2083
5286
3673
3782
1320
2523
2483
3706
83
1493
72
4351
3669
4050
1507
5326
3975
4557
2948
3378
2622
4060
5234
3544
4267
1071
4863
3237
3849
4349
2946
43
1520
947
482
2540
402
2039
3871
2779
1436
3103
4345
1485
142
332
1290
26
935
2839
2365
5118
1248
4521
5175
2064
600
1830
4069
1451
2670
1297
2403
4321
4718
1246
2747
2896
3650
3828
3701
5319
653
570
2849
1837
616
265
2531
3207
2156
3998
1030
3747
4991
3838
2341
58
4054
5374
5174
2969
550
273
2748
4575
5365
2762
2540
930
5133
3354
2084
4786
2342
4371
4324
3029
3203
487
1493
344
1158
1609
931
4484
345
1963
2980
529
435
3765
5025
895
598
3767
3844
3791
5376
4882
1799
4666
3766
774
3694
3885
4643
4433
426
4606
50
3422
3282
4917
1785
652
5161
1681
4096
5359
159
3240
2594
5222
1071
4949
1763
2864
848
5203
3520
2931
2606
2461
2338
2223
934
1123
1616
2137
5264
2955
963
2161
3623
2163
3528
1812
5338
4200
4272
3962
863
4990
4035
1074
465
5149
2789
5140
1293
1362
5362
480
5339
1817
5015
394
3900
267
2290
1131
5192
4808
1021
4306
4068
2968
764
4868
2150
1634
748
3406
2185
3388
5344
2658
5247
2524
2223
3185
2943
870
2024
3778
4548
5271
1493
713
1035
1158
3863
111
4210
5096
5189
4979
1063
1423
449
2168
1678
282
3904
2780
637
2488
4602
1857
2385
1075
1679
2928
3911
4956
1272
4766
2688
398
3301
4624
1802
4471
3186
909
2588
997
978
1865
1322
1779
1106
2884
971
883
4751
3054
2557
2285
1107
2116
56
4100
86
4280
2220
4573
2718
5076
1721
2514
1869
3174
2637
3258
4986
1339
1772
4942
4089
2223
1579
3103
919
2908
2256
3278
466
2441
2051
3455
5186
3119
1792
3944
5290
3043
1897
378
5255
3999
3105
4581
3481
502
1324
3452
4034
1294
1907
1096
3090
1046
1941
1492
4620
3702
4480
3752
4582
3089
1242
2985
2569
662
281
5364
3703
5364
4985
2910
2844
5143
5190
441
530
888
4372
3628
4745
1475
1775
1183
837
1690
3491
4901
1393
84
2378
4852
1469
4814
112
2785
130
5403
423
3685
1290
3041
2959
164
4797
3747
1023
40
3442
1962
131
2096
1548
4687
1449
1345
471
342
447
4320
3376
3263
3093
2057
4566
4081
2542
5121
3794
5229
4846
2439
2995
1815
663
5009
3121
5170
3437
2076
1780
4879
4183
994
5012
5003
2924
3289
1481
2871
3688
2014
983
4335
1636
2565
2284
5376
4633
841
3486
1579
4791
3294
293
1091
1167
1700
4102
5237
4604
3408
4846
2456
4034
1703
3148
3888
4634
318
5092
3687
3175
2129
546
281
4936
2621
1779
3404
4728
3570
3668
4923
5314
833
1489
4893
259
2052
5068
4150
1602
5392
3272
727
1605
2539
5017
1398
1680
4491
4897
3708
872
2948
3222
4498
3374
4341
2636
5149
2485
4866
4555
1228
4745
3395
1455
2916
3793
857
2114
4847
3966
5013
3197
2245
2644
3422
143
3931
2402
4126
673
5042
1917
2866
3326
1190
5250
904
4249
4693
4279
1616
4160
4427
4455
53
471
2663
3677
3404
2053
4224
2731
3319
2253
4326
3450
1647
1503
349
4724
200
1609
1264
3526
3610
535
3769
3876
1953
863
1492
2381
4013
3819
2420
336
1534
1641
5080
1751
2349
4004
2682
2948
903
3939
374
2892
1350
1381
4779
3015
1011
2474
3595
4734
2830
86
4362
2247
5325
5151
2849
4119
539
1097
1399
1862
1579
491
4185
1331
2773
4638
3183
3529
2684
3059
5384
1691
3052
1665
1567
1433
5016
1511
61
2248
4939
4322
3715
5362
161
3331
4384
5245
911
1360
2267
2616
2053
4141
1869
3911
354
698
2109
1672
4737
4758
4046
2377
660
3461
112
250
2638
4931
4517
3001
95
1170
382
2976
2385
1262
2737
4725
1633
1574
2337
4469
725
737
2098
4744
4705
3380
4089
2602
4459
1370
2668
2572
3119
3744
4795
2112
3858
3751
521
3689
2959
781
478
57
1803
2075
5276
456
475
920
4785
2112
5346
2651
4148
1408
2603
4796
4713
2681
2157
4410
4015
833
3569
4303
4196
2312
881
4431
3458
4092
3588
4352
1617
1876
775
1624
3310
3182
3304
856
3249
3818
4745
2775
1698
3112
1131
2898
5241
1339
3505
5198
4705
5172
848
75
3641
2702
1208
4860
1385
2722
166
1830
2382
2093
1050
1792
1257
981
2291
5325
4010
2718
3218
710
3383
2265
876
4804
189
2855
4427
4991
175
1845
4539
1319
1843
1154
5080
1532
1193
3241
2892
4393
5205
1094
228
2842
3580
640
4135
3409
3577
3263
2009
3898
1147
2364
5124
3250
4241
4873
4497
620
3979
2279
4951
4875
4110
1778
4201
1820
4501
2998
328
222
2625
229
4521
751
3294
3240
1842
1745
4934
2283
2274
2334
3161
3844
5259
3428
854
2110
5356
4541
84
4114
2280
3214
4492
4128
3874
4994
2758
3304
2990
440
2608
1810
4903
1599
612
4647
109
4419
2117
3793
2065
3318
1993
388
1661
3063
2462
4976
2361
1538
4516
2333
4108
2251
2045
2355
1941
3821
456
3307
876
1241
4553
1122
4264
2831
2115
2502
3267
275
1663
578
2186
4513
3944
772
3161
3305
1399
2013
120
3912
3375
442
612
821
2258
826
4632
763
361
703
3866
498
1187
2182
224
545
5272
1212
975
258
3867
2506
983
1249
2442
4709
2184
3660
5133
4444
3029
2024
2366
3042
531
3763
3022
4945
2527
1750
91
1693
1511
3898
511
1462
284
4368
1880
2771
166
3300
5373
1668
3960
2255
83
792
4975
1216
4529
5226
4135
668
1619
4356
1167
5220
4304
3123
2643
2904
1975
2515
2799
1263
1101
1827
4501
3162
3394
4204
5247
3774
4326
1688
3632
3276
3170
112
2954
890
3274
2481
2942
5219
1769
4693
4823
409
1460
4530
1312
3278
286
618
4438
1954
1082
3873
3672
5374
698
3344
355
1095
839
2907
5176
2076
1651
2924
4858
1309
1535
1687
3353
2294
5218
5068
241
2304
4312
2545
975
626
3875
5369
1459
2316
5159
1964
3760
2807
4395
325
834
4763
648
2370
3154
1752
611
3936
3147
4866
444
4833
1052
3631
1167
4911
4976
4458
916
2874
3806
2297
1673
3458
434
1668
2432
3910
3859
3277
3958
5307
2243
2793
180
4334
2410
2506
4837
4243
2649
4016
934
754
3084
4164
3272
5093
2765
1311
5398
4780
2171
605
1521
2756
4298
272
20
4798
821
2309
1449
363
4380
2441
5359
1333
1516
3154
3732
2868
4814
4090
4597
197
1033
4805
750
3740
2049
3055
1333
2457
1680
3575
3689
1973
471
5229
4126
4824
3003
866
5211
2865
3012
2163
2892
648
839
5302
1333
150
336
2894
1998
2167
1181
949
3878
1232
5265
1544
3065
3988
915
5231
5260
2756
3898
1926
2190
4325
3379
1463
3417
378
3174
3744
3125
1886
1205
1476
915
4797
4879
1587
1591
3009
1466
2567
788
2051
3856
3621
2912
2172
334
900
3909
4017
2242
3782
4787
1810
1335
3900
4969
4639
5317
2783
1546
76
634
2694
3035
2555
2497
494
4214
2344
3092
3458
1388
4852
1111
4518
4297
2393
773
1391
5111
224
1382
2221
391
2483
755
1958
3273
3896
889
2333
3711
2242
1241
1853
3385
1562
3500
1243
5045
1336
3623
5271
5271
3217
2927
4878
2864
3387
2281
4336
4768
4421
926
5003
1751
2272
2870
4852
3742
366
1643
4043
439
2355
4650
369
2178
2265
4095
1752
4439
1736
4994
3368
4054
3555
2158
1340
5291
1014
3519
4649
2902
3892
2502
887
261
2802
1293
5066
770
4210
1358
1631
3660
608
2871
3334
4548
321
3003
4838
2588
4340
187
3569
2231
1802
524
4454
1420
5367
2561
5364
944
1867
2937
4636
1278
2278
623
4643
4949
1760
4441
2981
1248
4376
1414
825
1068
4898
697
1311
2423
397
351
1626
734
4637
1747
446
1474
2643
2454
4415
334
5278
3161
2852
2173
3281
1111
3032
5075
13
2895
957
5081
5342
3693
4140
1761
1450
505
1383
3479
4869
2435
4808
841
5213
3203
48
604
4629
3923
5081
1069
2817
2259
1482
2023
3416
3646
225
4255
4811
1506
1246
4941
831
2427
769
5016
964
3455
2794
3374
1808
4607
4701
3778
217
3831
781
4492
3913
2806
3473
4522
4436
2196
3725
2224
3217
729
2569
778
1868
951
1146
4429
4851
3962
5261
4601
5002
2
3955
5339
2197
3409
3399
238
413
1654
3527
3093
19
5073
959
3697
3778
937
4606
63
5165
3159
3667
1207
2459
2806
3791
1600
409
2413
4933
324
207
1088
826
5102
1047
5278
1137
2136
743
3497
4708
2069
2553
1621
3679
2731
4703
923
5248
4427
2231
3361
1272
4831
3779
2776
4719
3077
4588
4392
5385
4624
3575
5127
2824
4276
2390
3729
3052
5289
5124
18
5259
1955
5109
548
1911
2992
1151
5314
1172
3353
4172
3822
1147
5310
4307
5279
2229
1746
1777
4620
3812
4543
3256
2108
2641
374
2040
5073
930
3998
156
2272
5118
3088
235
2124
3799
4481
4855
1272
2003
3311
75
3349
381
3050
4940
673
3329
3322
2643
2396
597
2655
4312
2759
4060
1113
3811
3963
968
2794
4272
3993
4179
2642
3263
2718
2277
2022
1732
1156
5285
4291
4992
283
1011
4385
4310
3421
271
3015
1090
3348
4477
3413
143
3259
2731
2027
2980
4822
1577
5249
1613
325
4741
1175
5364
3900
3038
3302
1800
3876
4160
875
1183
1944
1878
1071
3759
3009
4738
1170
449
256
4464
4424
989
4257
730
4486
330
3976
4784
1779
2285
250
3785
5224
3940
4294
606
3838
2850
3019
5281
3144
176
2881
1057
599
1609
4721
630
4795
4389
4814
2542
533
1269
2443
5092
2990
4049
2955
4033
656
723
2696
4714
5088
1505
900
3053
3832
958
3920
5194
2125
5183
2608
921
5278
1191
3062
3857
1962
1351
5045
3622
3860
2766
3590
434
1560
3852
3968
1560
1927
2912
3013
4127
2116
469
426
1903
5309
4173
2210
1012
1488
2773
2869
3448
612
1872
1415
224
3834
3243
1338
1567
2492
3676
2299
2836
261
3437
1102
649
3623
1282
305
2253
4112
830
4564
3221
5122
4718
4899
1997
4298
833
5198
2533
3546
979
5131
875
5019
2690
177
2274
2121
4508
3557
4569
528
5057
1046
986
681
4275
2358
3640
4053
2723
3799
298
409
4979
1461
1486
2729
3240
826
668
1364
3134
3917
3065
179
2069
2756
4429
1079
4109
2585
4641
951
4278
378
2114
3096
878
2148
4095
3607
4886
3213
5303
2462
1651
2142
671
247
1606
4464
3728
1882
1960
3615
5019
4220
935
4606
2239
2320
1895
878
2113
4764
3414
4298
4904
1589
285
2138
813
482
2456
4694
4160
3278
243
2387
3334
4089
4089
2312
5018
2203
3208
2748
4840
1354
4636
5179
1565
1069
1450
2067
354
3465
2756
5171
1008
3994
3355
1636
1998
147
4021
3779
3363
1734
3468
2267
3888
2250
1073
1997
305
1516
2965
1902
3289
3388
1259
3365
449
2695
2472
2245
5366
3721
4462
4530
4034
1262
828
1561
4078
1723
4131
5276
5358
3627
4917
4343
753
1346
3467
3646
967
1982
4814
5390
777
2848
266
1596
533
1398
547
3804
4221
2518
5298
3325
1014
4566
3104
3068
3965
4749
5262
4374
3081
31
2190
2128
3203
3226
4984
3836
4861
1409
1636
822
2144
1273
1846
3444
1877
4560
3487
4952
5323
1464
1988
552
1375
5042
2854
3671
4606
5343
3452
1565
2998
4250
2731
4389
3252
2887
1613
1590
4299
4044
807
581
3600
3559
5280
666
4280
2111
742
1862
3218
5291
293
3692
297
1600
3844
159
1183
3751
2547
4779
1824
4323
4994
3223
3984
2517
1779
3783
5177
1751
3201
183
2581
4389
4165
1116
2034
3033
2076
117
3596
4545
5376
5393
1019
529
235
3546
2687
918
508
580
2607
4650
2505
3715
814
4743
1314
3438
4131
3513
3292
4790
4624
2725
5183
2903
4657
489
87
3587
1855
1204
1355
118
5187
1709
1170
750
4632
3191
575
2495
387
3591
4680
3202
71
189
2075
3167
738
2897
3030
5333
537
5214
1898
4044
3035
350
4607
3967
4144
3445
189
711
4622
2770
4540
4960
5390
5150
3810
4306
94
4604
3847
1799
3102
4619
2561
4921
2935
1407
3555
972
4196
4669
3094
3961
5271
4378
1399
4443
4425
2337
2848
2269
1900
4803
1792
3462
4960
2710
4907
57
3470
4514
3806
1123
1592
2356
1126
455
4864
2213
3939
2970
2068
2911
1861
1411
3870
5207
1412
2391
2904
1838
4618
1805
3629
226
5193
1993
3169
4027
3568
3807
3878
2831
3128
1651
847
1832
3380
2538
3741
3455
1517
1005
3124
4240
5149
3704
774
2353
566
2860
3888
1181
3193
47
2754
2013
1191
1339
3924
5076
2072
2437
2804
1354
1654
2102
4972
1864
1444
2761
25
2757
4041
1519
4960
4538
3996
116
3156
2598
631
3030
297
2501
1853
1857
4702
1352
5086
1409
4352
5013
4616
2940
3933
215
5258
1541
3539
3854
2858
2087
4929
2524
4087
328
837
2615
5029
4716
2507
2106
2689
3858
2814
3466
2446
164
2385
4299
4028
4056
3538
2749
1104
4017
636
1735
5026
2750
4922
757
5092
1783
3130
1202
4563
1572
3065
1440
4585
3747
1936
3255
4472
5153
1308
1593
1718
3760
1060
2804
103
437
4872
1477
4695
4979
2866
4214
335
1042
5171
3674
4544
136
1447
3091
4284
5092
514
3388
1064
8
2431
2387
2841
1792
3727
1658
4751
1042
249
3318
1835
187
5394
3686
167
5357
957
3932
791
2243
274
153
891
3049
1769
3699
3578
1346
5020
2440
26
5378
2185
1726
3682
763
3884
2026
4967
2743
5021
4226
4702
1042
3720
3194
2400
4603
1006
2464
1937
136
3734
160
4000
3140
2406
4553
1957
1833
4411
3105
20
3881
3899
3835
3688
3045
4245
5398
4656
2667
3577
2267
639
3751
4008
5163
1663
4668
921
4601
1645
1609
4385
2236
328
4843
995
4069
4981
4620
1857
4923
26
3241
3733
3228
3426
4879
1689
5212
2345
2477
3525
5155
3795
1333
250
2715
1007
344
955
1583
2377
3328
3752
15
657
955
1292
1866
3388
493
3526
886
474
1270
1997
5341
3533
3202
480
1761
1371
2187
1577
4913
1949
1626
2988
2706
3601
2973
4530
4876
2996
3533
1205
370
2538
3073
227
4832
3831
1333
3436
3199
625
1554
4786
1090
4980
1882
2243
2629
2056
3269
3422
1047
3718
3944
2896
5175
3482
3139
837
3185
2766
3273
4492
3763
812
555
4813
5057
3357
2091
849
4570
3265
2757
4017
1103
2591
41
1775
3814
4539
4441
315
3580
3672
405
1404
1201
3177
597
2811
4271
3182
3487
5230
4366
4740
3360
4322
58
626
401
3799
1225
5003
4164
3389
1498
5210
1805
838
4540
4449
4919
188
4203
1242
1766
282
823
4947
1542
223
4758
521
1169
2580
3284
4617
86
3284
3317
2589
4984
177
4889
2727
3616
4337
5009
1070
4630
5274
5343
5289
270
2452
2652
4070
4284
3996
718
3181
778
4766
4584
4519
1025
4755
2572
205
861
4442
2227
5270
2037
3203
1018
3927
3148
240
2783
3024
634
23
3321
3319
1229
2180
312
2434
2052
316
3457
3659
638
1214
1773
946
1905
1883
787
3648
5194
3318
3450
810
3346
1883
5093
2469
2975
4164
3806
3760
30
5149
2745
1412
4294
4175
5189
3190
3888
3120
2955
588
2895
656
4682
2488
3280
2302
5362
2779
382
3047
4258
4781
2911
5106
3932
3151
3359
1757
3189
1151
1338
2763
2814
4925
724
3654
1706
813
2816
2148
5010
4307
749
4192
2252
682
1440
1644
849
3645
3602
1271
1905
4872
3717
4045
4417
109
2565
1150
4659
4112
5315
2635
2623
1506
4231
1956
87
1456
209
3450
1695
3422
114
501
1303
1351
2499
3989
3699
4662
3309
1819
4371
1985
933
2726
521
992
4207
3010
2447
2629
1639
1364
1445
4777
4566
3132
3335
2437
3569
71
2892
2907
5106
3398
2682
3253
108
935
958
2069
3536
4145
1043
2484
2650
484
438
2760
3945
905
3906
218
1851
5002
3365
4964
2565
2086
233
122
1294
4230
6
4099
3285
2862
3537
2381
3250
2854
1397
1685
5232
1051
2321
3576
3737
683
4770
2262
2805
639
4076
368
3713
1257
2827
2398
5279
2019
3210
4257
3939
1746
4732
3997
1165
1246
1329
682
534
1791
3892
4732
3644
3072
1481
2819
5156
4613
1802
45
2204
4142
604
4230
4939
2836
5156
111
499
4892
5392
29
4724
3850
88
765
4858
371
2979
4019
4946
4046
4769
4684
396
10
4452
4578
4584
309
1999
3066
3006
524
4173
3171
2738
3302
1820
2007
285
632
2358
3315
3589
1644
4615
55
940
5355
55
3407
340
2465
2796
5147
1552
2995
3767
3154
3903
1684
5128
1468
4054
1257
1535
4985
3672
894
4190
3491
3182
544
1299
183
2766
1142
1920
4967
4481
3440
3697
255
4819
2372
1285
2460
3579
4972
623
1278
2830
2741
600
3740
5348
3807
896
4556
2957
4027
540
620
2687
2641
5347
4961
4305
332
2821
4953
75
1797
4237
1000
5161
3895
5035
3114
2164
4598
3601
5154
3187
3567
4711
3619
361
1272
4302
4669
3143
1412
4713
1304
1432
1529
2427
3298
3722
455
3648
5358
3970
4011
3807
4324
2853
521
1372
2633
5154
3618
4955
449
3609
2816
1822
413
136
3047
3011
4458
4032
3723
2709
1548
2126
65
1185
494
4187
2516
594
4754
2141
3009
2988
1922
1276
73
2185
1182
1098
3547
1361
3800
4687
952
2351
3564
1831
4276
4744
3391
1246
524
5057
1864
1029
3268
3117
881
2454
4950
596
909
4358
5234
2537
4084
4663
5014
5285
2188
686
3587
1414
4748
1795
3740
1903
4331
4374
5156
2331
481
3176
3132
4231
5201
3229
4828
4197
4816
3795
5040
3321
1962
2963
1388
2121
5194
1939
3965
2809
1106
1466
2338
5098
5019
1095
1095
643
4658
2695
4174
4725
5328
2752
1122
37
2619
4179
4675
1508
4671
4856
1249
1855
1767
151
1011
2723
1099
1719
184
3792
1664
4512
4885
3871
1199
1200
3335
221
3408
721
2959
425
443
2469
1576
1405
2746
425
2127
960
4719
472
2149
161
521
2361
1746
3447
2018
4653
2699
3130
4359
1253
4812
2786
853
859
2688
950
2652
3685
4091
569
3845
3293
231
380
3840
1673
2293
4810
3726
2110
4510
411
2948
3146
1013
4319
96
1479
2241
2612
4052
311
1286
881
467
2186
4928
1890
1849
4351
5056
953
5240
2207
4703
4164
1434
545
4105
1294
1475
2561
635
4987
3378
1039
1885
1133
358
2561
2538
315
5155
295
630
3923
3504
3281
2136
3558
3113
3862
3230
2986
2691
3418
798
2356
4264
1468
1823
2566
4599
2668
4673
1439
4637
2848
2501
869
4882
2357
5059
3154
5169
3861
1004
821
1335
2173
4981
695
5295
3929
4948
2919
2484
3599
1694
3896
3963
4905
76
2099
1215
468
458
3644
911
3269
3971
2783
3210
3488
4719
2338
1648
3546
1751
4481
3576
5179
5342
4078
595
4261
3470
2282
4285
1205
3042
1133
2293
4
2240
4558
632
2114
2976
4264
2772
281
1420
3044
3723
4015
3337
940
2630
581
4973
4438
2487
143
4348
2727
3789
2529
2719
1933
758
2730
4226
2799
4893
2621
2952
2109
832
3525
4684
5173
1320
4079
2618
62
1304
1111
2856
4860
205
1949
2823
5013
2408
5130
5341
4986
3305
1260
2119
1261
4569
1759
759
1016
357
1791
5152
4925
3755
2137
3011
71
3487
5193
2919
3555
3947
5316
5001
4674
2932
3183
4929
4198
2448
2051
3760
4659
469
2657
1494
1115
421
1975
3205
3882
3160
448
4020
60
5388
2788
2988
2771
3755
2565
1697
1302
4334
1376
158
2271
5360
2122
854
1231
4936
3895
5238
2035
4010
2255
3699
1409
1027
1228
735
4082
5363
1117
425
940
2160
4279
4396
1221
2513
3346
4673
4562
1951
1749
4288
867
3509
3854
3001
2909
1884
3693
3507
2079
3113
364
924
3285
1097
3660
2609
2660
1333
432
1277
4193
3995
2049
3563
585
2481
2381
695
4422
403
2454
3986
431
3703
2842
5126
4693
4037
4011
4056
2777
5311
4616
5365
4580
2967
1439
4064
3887
4042
1032
4329
5000
5336
1973
731
1625
3148
379
2190
168
4224
2231
1422
3110
1264
4629
3631
2883
137
1559
1080
4754
5321
2331
5291
2549
1785
443
69
3052
327
948
3199
2423
5229
31
5333
532
1156
2469
2856
1573
228
1631
4344
2216
3224
312
5370
3290
5031
476
1508
4062
939
1498
4797
3762
4448
1720
3180
4848
1297
3421
4221
3186
570
1627
3410
2674
1784
593
3174
4454
5268
3162
4948
1285
4408
3076
4623
3334
122
2160
2730
3940
2856
4153
3166
4886
5284
982
4888
879
3502
5291
4682
104
4475
1236
3923
5251
4293
3462
5089
5118
2074
1922
4057
487
3249
1128
475
3299
2534
4197
1934
151
4831
5246
3577
3098
2432
3461
2241
1582
883
4764
2181
4461
3916
205
1991
4322
2094
1084
917
5237
4973
1246
2147
846
2046
164
4087
4049
3114
3935
5202
1707
4045
2689
1558
1896
87
2886
1126
4419
3805
2066
2287
4070
1375
1762
4707
5319
2181
2485
1479
2414
4412
3599
3784
4235
1892
5271
5045
4308
320
428
1106
4910
1829
3712
1747
1477
4770
543
20
472
2931
788
1355
2829
589
1062
1693
2088
3107
984
730
4031
3691
987
1325
3407
2697
2252
1837
4657
3637
4154
2948
1952
512
941
2796
3472
3875
1035
3221
663
1973
4884
3073
4015
754
1143
1613
3867
5127
4817
367
4652
2434
2058
814
4116
2151
4742
3401
4066
2785
4171
3148
1186
608
4778
4496
3883
4585
4918
2303
351
1039
4092
651
1474
5092
508
3740
2236
3139
2019
4931
183
1502
588
3195
3786
3823
3973
3181
2541
3599
5132
1955
2904
3826
3673
3107
3102
714
5243
1809
2628
3399
1412
1436
340
2286
2910
4224
4411
3611
4803
1500
248
1960
1814
4930
2802
3325
5229
2001
4468
2378
2085
546
5173
131
2184
2693
121
844
10
4364
4185
169
339
3366
372
2216
4732
4961
190
4066
674
4281
4235
3085
4694
2190
1395
1261
3437
4620
4454
1204
1360
3229
3325
2557
3508
1911
4449
3829
4697
1919
1683
1004
4255
36
1434
3734
3281
1321
4675
5015
1841
4191
3847
4254
3302
987
1494
2184
2553
1589
4730
2105
655
1319
2041
3998
1323
4554
1118
4196
4692
4311
2884
4585
2761
3869
666
5151
1696
2349
4829
4596
4169
159
3709
3756
430
4761
5356
4332
3504
706
2230
3722
5267
3233
250
4841
4557
1093
3470
3212
5176
2617
5200
926
4970
141
2501
4968
2083
2999
4355
1503
3861
4512
3751
5140
2129
1783
1660
1401
753
2633
3192
2460
3832
4053
3653
1239
1753
465
1572
1398
2530
1677
4783
3276
985
404
2341
885
105
1908
3112
1193
4563
738
4340
3774
1399
155
4128
331
227
5032
3296
3838
700
4253
3613
3022
2172
4099
667
1051
2244
2923
3410
3098
4497
259
2545
4088
4661
4364
1293
4980
2712
4793
4410
1325
2039
4574
472
5070
2276
3122
3466
4618
1833
1199
3995
4882
239
1622
1226
1912
150
77
4532
676
3075
3600
4825
3310
1539
4685
790
1552
3989
4906
4619
3766
4400
4005
4769
1467
3652
527
1239
2535
954
420
3344
1377
320
4038
2233
5402
481
609
1117
99
4725
1265
3410
542
1964
730
97
931
2165
4540
3392
4722
3612
1877
4178
3012
2219
4000
5158
2336
3020
2651
4778
3598
5120
305
421
5037
4956
3843
231
409
5103
3196
2840
1821
1909
3808
1774
2850
2201
2480
216
4537
206
2307
4419
3328
2358
216
4238
2226
1417
4562
10
1132
3819
1527
2192
4932
922
3632
1258
1844
1613
1982
1862
4114
1332
2340
1545
2184
3748
4323
1019
4276
2101
4501
1368
2882
2309
5153
2322
1011
2213
3829
4849
4461
4431
5131
281
517
854
1679
3694
3858
274
4375
35
4145
5158
5393
363
724
1231
1220
3349
662
3315
575
141
5357
4624
4078
2571
1670
4799
4787
2267
819
4872
1301
4343
2669
919
1605
575
759
3639
3191
5103
2964
4526
4262
1329
4435
3303
559
3697
4807
2237
4901
4619
2844
4359
4638
1486
267
1179
3673
3575
2152
2705
370
1045
4976
4687
4425
5135
1208
2264
2889
4356
153
3731
1559
2572
185
1715
3303
3814
3825
974
585
1566
2837
4868
4497
724
959
3969
5062
1422
454
5110
3244
3749
5322
2033
486
4453
1152
3565
5172
520
2856
2522
2573
5259
1409
4295
5047
3656
5009
0
658
573
2400
518
3877
1438
1526
3937
4122
5342
2777
3401
1507
567
308
2224
1756
1645
3784
2321
3611
4058
4045
2417
754
2443
608
2925
4158
984
4716
1557
522
3835
2847
253
793
3804
1319
53
4853
5019
2542
5215
2749
5040
2775
3632
3001
4815
946
465
1022
3023
4336
2664
822
624
352
3788
2853
5143
3517
1929
4533
2845
109
2109
1623
1785
3422
1007
4496
4426
2137
4666
1940
3150
1508
495
2229
4829
3701
2740
3232
4144
1333
2259
1917
1413
3065
927
3714
3968
3128
3656
1274
2310
4857
1617
950
981
1442
3895
371
3219
1794
1469
4377
3585
855
2715
5154
309
571
2700
3157
2340
324
999
1368
1397
2361
3842
5125
4630
2886
2325
3501
1521
3150
357
1707
2022
5044
4258
5085
1373
2247
2162
1768
3184
1242
4564
5365
3408
296
1193
4963
901
4723
4615
1000
711
552
3907
2549
4664
4666
227
598
3129
1301
147
3479
1673
4975
1204
1970
184
3800
3756
757
4255
2180
1848
2457
362
4218
866
4456
3704
1126
496
4363
5284
2773
1929
598
1768
2023
1148
164
2722
4595
4467
572
668
220
1230
5319
3336
882
5010
2152
606
3200
3025
2346
1073
69
1962
3144
4168
2850
