The selected features are:
[1, 2, 3, 4, 5, 7, 10, 11, 12, 13, 15, 19, 20, 25, 28, 29, 30, 32, 33, 34, 35, 36, 37, 38, 39, 41, 42, 43, 44, 45, 46, 47, 48, 49, 50, 51, 52, 53, 54, 55, 56, 57, 58, 64, 66, 68, 69, 70, 71, 72]
10 700
Accuracy on Testing Set
0.895710059172

Precision Score
0.9069767441860465

Recall Score
0.8783783783783784

F1 Score
0.8924485125858124
15 700
Accuracy on Testing Set
0.894970414201

Precision Score
0.904320987654321

Recall Score
0.8798798798798799

F1 Score
0.8919330289193304

