####### Run 1 #########
The selected features are:
[1, 2, 3, 4, 5, 7, 10, 11, 12, 13, 15, 19, 20, 25, 28, 29, 30, 32, 33, 34, 35, 36, 37, 38, 39, 41, 42, 43, 44, 45, 46, 47, 48, 49, 50, 51, 52, 53, 54, 55, 56, 57, 58, 64, 66, 68, 69, 70, 71, 72]



10 700
Accuracy on Testing Set
0.886094674556

Precision Score
0.8950617283950617

Recall Score
0.8708708708708709

F1 Score
0.882800608828006
15 700
Accuracy on Testing Set
0.888313609467

Precision Score
0.8992248062015504

Recall Score
0.8708708708708709

F1 Score
0.8848207475209765


########## Run 2 ##############


The selected features are:
[1, 2, 3, 4, 5, 7, 10, 11, 12, 13, 15, 19, 20, 25, 28, 29, 30, 32, 33, 34, 35, 36, 37, 38, 39, 41, 42, 43, 44, 45, 46, 47, 48, 49, 50, 51, 52, 53, 54, 55, 56, 57, 58, 64, 66, 68, 69, 70, 71, 72]
10 700
Accuracy on Testing Set
0.886094674556

Precision Score
0.8950617283950617

Recall Score
0.8708708708708709

F1 Score
0.882800608828006
15 700
Accuracy on Testing Set
0.888313609467

Precision Score
0.8992248062015504

Recall Score
0.8708708708708709

F1 Score
0.8848207475209765

