The selected features are:
[1, 2, 3, 4, 5, 7, 10, 11, 12, 13, 15, 19, 20, 25, 28, 29, 30, 32, 33, 34, 35, 36, 37, 38, 39, 41, 42, 43, 44, 45, 46, 47, 48, 49, 50, 51, 52, 53, 54, 55, 56, 57, 58, 64, 66, 68, 69, 70, 71, 72]
10 700
Accuracy on Testing Set
0.885355029586

Precision Score
0.886535552193646

Recall Score
0.8798798798798799

F1 Score
0.8831951770911831
15 700
Accuracy on Testing Set
0.89275147929

Precision Score
0.8905547226386806

Recall Score
0.8918918918918919

F1 Score
0.8912228057014254

